i_108_4_35_FR_orz101d
35
orz101d
A
0
7
18
3
A
1
7
21
7
A
2
7
23
14
A
3
7
32
20
V
7
N
19
D
0.14625
0.0
0.0
0.0
0.0
0.0
0.85375
V
17
N
18
29
D
0.98057
0.0
0.0
0.0
0.0
0.01943
V
18
N
19
17
30
D
0.96283
4e-05
0.00241
0.0
0.0
0.03472
V
19
N
20
18
31
7
D
0.65873
0.0
0.0
0.0
0.0
0.0
0.34127
V
20
N
19
32
D
0.60932
0.0
0.0
0.0
0.39068
V
29
N
30
17
D
0.01026
0.0
0.89717
0.0351
0.0
0.01383
0.04364
V
30
N
31
29
42
18
D
0.42974
0.0
0.0
0.0
0.0
0.0
0.57026
V
31
N
32
30
43
19
D
0.67982
0.32018
V
32
N
31
44
20
D
0.02847
0.18871
0.0
0.0
0.58004
0.03822
0.16456
V
42
N
43
54
30
D
0.1327
0.07431
0.32816
0.46483
V
43
N
44
42
55
31
D
0.01615
0.0
0.0
0.00028
0.67724
0.30633
V
44
N
43
56
32
D
0.47995
0.10788
0.0
0.0
0.41217
V
54
N
55
66
42
D
0.03128
0.0
0.0
0.0
0.0
0.96872
V
55
N
56
54
67
43
D
0.16874
0.0
0.0
0.0
0.68585
0.14541
V
56
N
55
68
44
D
0.30025
0.32901
0.0
0.0
0.12642
0.00332
0.241
V
66
N
67
78
54
D
0.34098
0.0
0.65902
V
67
N
68
66
79
55
D
0.38666
0.34085
0.27249
V
68
N
67
56
D
0.12047
0.44432
0.03518
0.10617
0.29386
V
78
N
79
90
66
D
0.15864
0.04735
0.34888
0.24404
0.20109
V
79
N
78
91
67
D
0.54238
0.44646
0.0
0.0
0.01116
V
86
N
87
98
D
0.27956
0.0
0.33831
0.28672
0.09541
V
87
N
88
86
99
D
0.60862
0.0
0.0
0.0
0.39138
V
88
N
89
87
100
D
0.17083
0.82258
0.0
0.0
0.0
0.00659
V
89
N
90
88
101
D
0.5926
0.0
0.0861
0.04301
0.00192
0.27637
V
90
N
91
89
102
78
D
0.47737
0.0
0.15088
0.07285
0.0
0.0
0.2989
V
91
N
90
103
79
D
0.7207
0.26683
0.0
0.0
0.0
0.01247
V
98
N
99
110
86
D
0.31334
0.04017
0.64649
V
99
N
100
98
111
87
D
0.01902
0.0
0.60656
0.31557
0.02658
0.03227
V
100
N
101
99
112
88
D
0.18848
0.0
0.0
0.39697
0.00441
0.0
0.41014
V
101
N
102
100
113
89
D
0.08562
0.0
0.07121
0.0
0.0
0.84317
V
102
N
103
101
114
90
D
0.16624
0.0
0.83376
V
103
N
102
115
91
D
0.1874
0.67996
0.04694
0.0
0.00011
0.08559
V
110
N
111
122
98
D
0.09949
0.62419
0.0
0.0
0.0
0.27632
V
111
N
112
110
123
99
D
0.09425
0.0
0.0
0.34568
0.0
0.56007
V
112
N
113
111
100
D
0.50696
0.0
0.06995
0.0
0.18883
0.02491
0.20935
V
113
N
114
112
101
D
0.19015
0.10902
0.0
0.02734
0.24293
0.43056
V
114
N
115
113
126
102
D
0.15475
0.0
0.28708
0.22313
0.0
0.33504
V
115
N
114
127
103
D
0.22004
0.0
0.66553
0.0
0.0
0.11443
V
122
N
123
134
110
D
0.88035
0.0
0.0
0.0
0.0
0.11965
V
123
N
122
135
111
D
0.09312
0.41963
0.01845
0.04937
0.4051
0.01433
V
126
N
127
138
114
D
0.95326
0.04674
V
127
N
126
139
115
D
0.13348
0.0
0.0015
0.39778
0.16026
0.30607
0.00091
V
134
N
135
122
D
0.27532
0.26082
0.12698
0.0
0.0
0.33688
V
135
N
134
123
D
0.24916
0.0
0.02256
0.32034
0.27989
0.07379
0.05426
V
137
N
138
149
D
0.72133
0.0
0.24395
0.0
0.0
0.03472
V
138
N
139
137
150
126
D
0.08436
0.67409
0.0
0.24155
V
139
N
138
151
127
D
0.09993
0.26949
0.0
0.28791
0.03113
0.31154
V
142
N
154
D
0.01418
0.0
0.00425
0.0
0.0
0.40765
0.57392
V
148
N
149
160
D
0.41055
0.0
0.0
0.0
0.0
0.47491
0.11454
V
149
N
150
148
161
137
D
0.35432
0.3198
0.25087
0.00073
0.07428
V
150
N
151
149
162
138
D
0.50959
0.40627
0.0
0.0
0.08414
V
151
N
152
150
163
139
D
0.87579
0.12421
V
152
N
153
151
164
D
0.22078
0.7184
0.0
0.04543
0.0
0.01539
V
153
N
154
152
165
D
0.03677
0.11099
0.0
0.00162
0.0
0.03564
0.81498
V
154
N
153
166
142
D
0.03281
0.0
0.03153
0.0
0.0
0.0984
0.83726
V
160
N
161
172
148
D
0.10882
0.0
0.0
0.0
0.89118
V
161
N
162
160
149
D
0.03308
0.0
0.0
0.09923
0.0
0.86769
V
162
N
163
161
150
D
0.01124
0.0
0.00463
0.0
0.35885
0.5655
0.05978
V
163
N
164
162
151
D
0.13602
0.06284
0.0
0.4362
0.02791
0.0
0.33703
V
164
N
165
163
152
D
0.08303
0.0
0.24943
0.12385
0.09791
0.32233
0.12345
V
165
N
166
164
177
153
D
0.60866
0.0
0.00287
0.27629
0.01613
0.00148
0.09457
V
166
N
167
165
178
154
D
0.07365
0.25258
0.0
0.0
0.0037
0.65307
0.017
V
167
N
166
179
D
0.02161
0.12931
0.0
0.02569
0.0
0.0
0.82339
V
171
N
172
D
0.0013
0.01103
0.00775
0.97992
V
172
N
171
184
160
D
0.00774
0.0
0.0152
0.0
0.19891
0.1184
0.65975
V
177
N
178
189
165
D
0.02052
0.00093
0.0
0.0
0.13262
0.82427
0.02166
V
178
N
179
177
166
D
0.05383
0.0
0.71684
0.08346
0.07327
0.0726
V
179
N
178
167
D
0.49692
0.11969
0.0
0.0
0.38339
V
184
N
185
196
172
D
0.37316
0.12609
0.2354
0.16123
0.10412
V
185
N
184
197
D
0.04942
0.0
0.09575
0.0
0.0
0.85483
V
189
N
201
177
D
0.2775
0.2199
0.34316
0.0
0.0
0.10751
0.05193
V
196
N
197
208
184
D
0.28302
0.0
0.0
0.0
0.4398
0.27718
V
197
N
196
209
185
D
0.70731
0.0
0.04878
0.24391
V
200
N
201
212
D
0.93858
0.0
0.0
0.01108
0.05034
V
201
N
202
200
213
189
D
0.34814
0.0
0.0
0.0
0.0
0.05982
0.59204
V
202
N
201
D
0.01097
0.5824
0.0
0.0
0.0
0.0
0.40663
V
208
N
209
220
196
D
0.15732
0.05215
0.61683
0.0
0.01822
0.15548
V
209
N
210
208
221
197
D
0.40183
0.43977
0.1584
V
210
N
209
222
D
0.08988
0.05233
0.23568
0.0102
0.00135
0.0
0.61056
V
212
N
213
224
200
D
0.10401
0.0
0.02887
0.0
0.0
0.37174
0.49538
V
213
N
212
225
201
D
0.90119
0.0
0.0
0.0
0.0
0.0
0.09881
V
220
N
221
232
208
D
0.2022
0.54795
0.09493
0.0
0.02053
0.13439
V
221
N
222
220
233
209
D
0.5744
0.0
0.0
0.0
0.05573
0.0
0.36987
V
222
N
223
221
234
210
D
0.02068
0.00367
0.96773
0.00587
0.0
0.0
0.00205
V
223
N
224
222
D
0.53179
0.0
0.46821
V
224
N
225
223
236
212
D
0.02385
0.01784
0.47614
0.09867
0.0
0.3835
V
225
N
224
237
213
D
0.00424
0.01125
0.03408
0.01446
0.90746
0.0
0.02851
V
230
N
231
D
0.00618
0.0
0.0
0.94534
0.0
0.04848
V
231
N
232
230
243
D
0.68434
0.00013
0.02109
0.17065
0.0
0.0
0.12379
V
232
N
233
231
244
220
D
0.25094
0.0
0.19067
0.12524
0.05815
0.375
V
233
N
234
232
245
221
D
0.04706
0.93558
0.0
0.0
0.01736
V
234
N
233
222
D
0.00495
0.03746
0.451
0.46797
0.00184
0.0
0.03678
V
236
N
237
224
D
0.1114
0.16008
0.0
0.0076
0.0
0.0
0.72092
V
237
N
238
236
249
225
D
0.0122
0.10556
0.34552
0.25335
0.0
0.12423
0.15914
V
238
N
239
237
250
D
0.43526
0.03829
0.07922
0.0
0.0
0.0
0.44723
V
239
N
238
251
D
0.02539
0.0
0.88397
0.0
0.0
0.0839
0.00674
V
243
N
244
231
D
0.0326
0.03872
0.69574
0.0
0.23294
V
244
N
245
243
232
D
0.80114
0.0
0.0
0.19886
V
245
N
244
233
D
0.08046
0.34043
0.0
0.0
0.51984
0.0
0.05927
V
249
N
250
237
D
0.00749
0.01892
0.97091
0.0
0.00268
V
250
N
251
249
238
D
0.08776
0.53134
0.0
0.0
0.0
0.3809
V
251
N
250
239
D
0.0519
0.25202
0.03039
0.03273
0.03907
0.0071
0.58679
