i_116_2_30_FR_den403d
30
den403d
A
0
28
29
28
A
1
28
28
27
V
28
N
29
46
D
0.23952
0.75441
0.0
0.00607
V
29
N
30
28
D
0.43211
0.00279
0.0
0.5651
V
30
N
31
29
D
0.04516
0.01496
0.03166
0.06253
0.52407
0.0
0.32162
V
31
N
32
30
D
0.71584
0.28416
V
32
N
33
31
50
D
0.21855
0.0
0.22831
0.0
0.16102
0.39212
V
33
N
34
32
51
D
0.00599
0.24032
0.75369
V
34
N
33
52
D
0.09906
0.0
0.01055
0.0
0.18581
0.70458
V
46
N
64
28
D
0.029
0.0
0.10739
0.0
0.86361
V
50
N
51
68
32
D
0.73505
0.26495
V
51
N
52
50
69
33
D
0.30817
0.0
0.0
0.0
0.0
0.0
0.69183
V
52
N
51
70
34
D
0.10066
0.0
0.0
0.0
0.89934
V
56
N
57
74
D
0.07815
0.0
0.03443
0.21132
0.59669
0.07941
V
57
N
58
56
75
D
0.22229
0.33931
0.22065
0.0
0.0
0.0
0.21775
V
58
N
57
76
D
0.60154
0.29501
0.05937
0.0
0.0
0.0
0.04408
V
60
N
78
D
0.46474
0.0
0.0
0.1848
0.33617
0.0
0.01429
V
62
N
63
80
D
0.08076
0.34554
0.0
0.08515
0.0
0.0
0.48855
V
63
N
64
62
81
D
0.12258
0.69498
0.1039
0.0
0.02823
0.05031
V
64
N
65
63
46
D
0.65701
0.0
0.0
0.0929
0.0
0.0
0.25009
V
65
N
64
D
0.12496
0.0
0.0
0.17658
0.06755
0.19924
0.43167
V
68
N
69
86
50
D
0.02763
0.02408
0.0
0.86712
0.04372
0.0
0.03745
V
69
N
70
68
51
D
0.07046
0.0
0.0
0.0
0.0
0.48026
0.44928
V
70
N
71
69
88
52
D
0.02799
0.04677
0.0
0.24681
0.16262
0.51581
V
71
N
72
70
89
D
0.00317
0.0
0.44459
0.0
0.0
0.00512
0.54712
V
72
N
71
90
D
0.62288
0.0
0.03646
0.0
0.0
0.10773
0.23293
V
74
N
75
92
56
D
0.04184
0.0
0.67987
0.00281
0.0
0.05802
0.21746
V
75
N
76
74
93
57
D
0.56801
0.0
0.0
0.0
0.0
0.43199
V
76
N
75
94
58
D
0.76582
0.10496
0.0
0.12922
V
78
N
96
60
D
0.09713
0.01614
0.06497
0.4958
0.0
0.32596
V
80
N
81
98
62
D
0.1071
0.11843
0.0
0.12645
0.57142
0.0
0.0766
V
81
N
80
99
63
D
0.39577
0.43264
0.0
0.1125
0.0
0.05909
V
84
N
102
D
0.58255
0.16464
0.03794
0.21487
V
86
N
104
68
D
0.2124
0.0
0.0
0.0
0.34841
0.07845
0.36074
V
88
N
89
106
70
D
0.33319
0.0
0.0
0.0
0.3349
0.0
0.33191
V
89
N
90
88
107
71
D
0.58597
0.00894
0.2577
0.0
0.03801
0.10927
0.00011
V
90
N
89
108
72
D
0.33258
0.0
0.0
0.0
0.01067
0.65675
V
92
N
93
110
74
D
0.25636
0.0
0.0
0.0
0.0
0.72386
0.01978
V
93
N
94
92
111
75
D
0.23444
0.06265
0.0
0.0
0.0
0.0
0.70291
V
94
N
95
93
112
76
D
7e-05
2e-05
0.0
1e-05
0.50261
0.49729
V
95
N
96
94
113
D
0.4492
0.0
0.0
0.0
0.0
0.5508
V
96
N
97
95
114
78
D
0.47174
0.0
0.0
0.0
0.0
0.0
0.52826
V
97
N
98
96
115
D
0.68762
0.0
0.0
0.0656
0.03146
0.0
0.21532
V
98
N
99
97
116
80
D
0.28203
0.0
0.0
0.54492
0.0
0.0
0.17305
V
99
N
98
117
81
D
0.38375
0.1724
0.0245
0.41935
V
101
N
102
119
D
0.05735
0.18858
0.39082
0.36325
V
102
N
101
84
D
0.9343
0.00535
0.0
0.01209
0.0
0.02316
0.0251
V
104
N
122
86
D
0.27161
0.0
0.00075
0.0
0.00056
0.00956
0.71752
V
106
N
107
124
88
D
0.24239
0.0
0.66808
0.0
0.07857
0.01066
0.0003
V
107
N
108
106
125
89
D
0.63739
0.0
0.12465
0.0
0.00343
0.0
0.23453
V
108
N
107
90
D
0.04033
0.0
0.0
0.87224
0.07957
0.0
0.00786
V
109
N
110
D
0.47946
0.3547
0.0
0.02437
0.0
0.0
0.14147
V
110
N
111
109
128
92
D
0.00623
0.85979
0.02957
0.00018
0.0
0.08024
0.02399
V
111
N
112
110
129
93
D
0.08885
0.0
0.48773
0.0
0.0
0.42342
V
112
N
113
111
130
94
D
0.27283
0.04495
0.0
0.04449
0.63773
V
113
N
114
112
131
95
D
0.01933
0.48196
0.17679
0.0
0.09295
0.22897
V
114
N
115
113
132
96
D
0.01833
0.10213
0.0
0.0
0.14957
0.64214
0.08783
V
115
N
116
114
133
97
D
0.63265
0.0
0.14658
0.02741
0.0
0.0
0.19336
V
116
N
117
115
134
98
D
0.01394
0.01006
0.04234
0.01184
0.64485
0.05336
0.22361
V
117
N
116
135
99
D
0.4701
0.5299
V
119
N
137
101
D
0.67536
0.0
0.0
0.32464
V
122
N
140
104
D
0.02283
0.70674
0.0
0.19817
0.0
0.0
0.07226
V
124
N
125
142
106
D
0.07193
0.09384
0.0
0.02443
0.8098
V
125
N
124
143
107
D
0.60191
0.0
0.0
0.3159
0.0
0.08219
V
128
N
129
146
110
D
0.2062
0.0
0.23551
0.0
0.0
0.46682
0.09147
V
129
N
130
128
147
111
D
0.46031
0.0
0.0
0.53969
V
130
N
131
129
148
112
D
0.03653
0.0
0.11766
0.0
0.03752
0.79046
0.01783
V
131
N
132
130
149
113
D
0.0561
0.09334
0.06705
0.76011
0.0234
V
132
N
133
131
150
114
D
0.23766
0.50736
0.06846
0.0
0.09999
0.05238
0.03415
V
133
N
134
132
151
115
D
0.00025
0.68665
0.00818
0.00385
0.29945
0.00162
V
134
N
135
133
152
116
D
0.71211
0.28789
V
135
N
134
153
117
D
0.82582
0.0
0.0
0.03779
0.0
0.13639
V
137
N
138
155
119
D
0.09224
0.36364
0.0
0.0
0.0
0.53612
0.008
V
138
N
137
156
D
0.05098
0.0
0.40701
0.46463
0.0
0.07738
V
140
N
158
122
D
0.88554
0.0
0.11446
V
142
N
143
160
124
D
0.70591
0.0
0.0
0.0
0.21629
0.0778
V
143
N
144
142
161
125
D
0.18978
0.0
0.0
0.0
0.0
0.81022
V
144
N
143
162
D
0.01993
0.0
0.0
0.0991
0.0326
0.0
0.84837
V
146
N
147
164
128
D
0.01528
0.0
0.00364
0.01866
0.48427
0.47815
V
147
N
148
146
165
129
D
0.6472
0.0941
0.0
0.0
0.0
0.0
0.2587
V
148
N
149
147
166
130
D
0.12001
0.0
0.00413
0.0
0.0088
0.0
0.86706
V
149
N
150
148
167
131
D
0.13076
0.0
0.13831
0.33246
0.0
0.04078
0.35769
V
150
N
151
149
168
132
D
0.37207
0.23286
0.0
0.0
0.28716
0.0
0.10791
V
151
N
152
150
169
133
D
0.01073
0.0
0.95853
0.00718
0.00088
0.02268
V
152
N
153
151
170
134
D
0.0094
0.9732
0.0174
V
153
N
152
171
135
D
0.75187
0.0
0.0
0.0
0.0
0.24813
V
155
N
156
173
137
D
0.03064
7e-05
0.66802
0.00504
0.04051
0.25572
V
156
N
155
174
138
D
0.00018
0.0
0.0
0.98927
0.00844
0.00211
V
158
N
176
140
D
0.56638
0.0
0.0
0.43362
V
160
N
161
178
142
D
0.00603
0.14143
0.00081
0.02017
0.80352
0.02804
V
161
N
162
160
179
143
D
0.07491
0.66525
0.25984
V
162
N
161
144
D
0.29517
0.0
0.0
0.0
0.0
0.41396
0.29087
V
164
N
165
146
D
0.30338
0.02713
0.45612
0.0
0.0
0.21337
V
165
N
166
164
147
D
0.04052
0.0
0.09741
0.01352
0.42247
0.32324
0.10284
V
166
N
167
165
148
D
0.27114
0.0
0.0
0.72886
V
167
N
168
166
149
D
0.01903
0.13366
0.27588
0.05806
0.0
0.51337
V
168
N
169
167
150
D
0.15847
0.0
0.0
0.0
0.0
0.0
0.84153
V
169
N
170
168
151
D
0.22584
0.0
0.28311
0.05302
0.0
0.26636
0.17167
V
170
N
171
169
152
D
0.18279
0.0
0.0
0.37247
0.09798
0.34676
V
171
N
172
170
153
D
0.68809
0.0
0.04719
0.24049
0.0
0.02423
V
172
N
173
171
190
D
0.28179
0.0
0.0
0.0
0.0
0.71821
V
173
N
174
172
155
D
0.80732
0.11423
0.0
0.00636
0.0
0.07209
V
174
N
173
156
D
0.61576
0.38424
V
176
N
177
194
158
D
0.05014
0.24683
0.64089
0.0
0.0
0.0
0.06214
V
177
N
178
176
195
D
0.06853
0.00848
0.08965
0.0
0.2506
0.41495
0.16779
V
178
N
179
177
196
160
D
0.00111
0.0
0.01317
0.94913
0.0
0.03023
0.00636
V
179
N
178
197
161
D
0.22718
0.0
0.0
0.76638
0.0
0.00644
V
190
N
208
172
D
0.40585
0.02327
0.47333
0.0
0.03237
0.0
0.06518
V
194
N
195
212
176
D
0.4061
0.0
0.0
0.0
0.5939
V
195
N
196
194
213
177
D
0.22495
0.02011
0.45713
0.0
0.10858
0.18923
V
196
N
197
195
178
D
0.2007
0.31584
0.48346
V
197
N
196
215
179
D
0.02491
0.0083
0.01711
0.86382
0.07159
0.0
0.01427
V
208
N
190
D
0.66775
0.0
0.13323
0.0
0.0
0.0
0.19902
V
212
N
213
194
D
0.01888
0.0
0.0
0.01493
0.12852
0.72887
0.1088
V
213
N
212
195
D
0.0098
0.05194
0.31682
0.0
0.54414
0.0
0.0773
V
215
N
216
197
D
0.11486
0.01427
0.51537
0.0
0.03975
0.00177
0.31398
V
216
N
215
D
0.14408
0.0245
0.11248
0.0
0.30227
0.41667
