i_112_4_36_FR_den998d
36
den998d
A
0
18
32
11
A
1
18
29
14
A
2
18
21
19
A
3
18
21
21
V
18
N
33
D
0.41698
0.0
0.0
0.28595
0.02407
0.0
0.273
V
33
N
34
48
18
D
0.13619
0.15213
0.04365
0.0
0.66803
V
34
N
35
33
D
0.04271
0.0
0.09392
0.75763
0.10574
V
35
N
36
34
D
0.23788
0.16356
0.0
0.00554
0.14856
0.44446
V
36
N
37
35
51
D
0.20018
0.08094
0.19312
0.07437
0.0
0.32644
0.12495
V
37
N
38
36
52
D
0.50249
0.0
0.0
0.0
0.0
0.0
0.49751
V
38
N
39
37
D
0.00433
0.0194
0.00461
0.75978
0.0
0.21188
V
39
N
40
38
54
D
0.38885
0.0
0.0
0.0
0.61115
V
40
N
41
39
55
D
0.05492
0.27956
0.64648
0.01904
V
41
N
42
40
D
0.17365
0.0
0.10848
0.0
0.17629
0.16102
0.38056
V
42
N
41
57
D
0.59166
0.0
0.0
0.0
0.0
0.0
0.40834
V
48
N
63
33
D
0.00937
0.00661
0.64223
0.00109
0.05643
0.0
0.28427
V
51
N
52
66
36
D
0.9663
0.0
0.01211
0.0
0.00311
0.01848
V
52
N
51
67
37
D
0.32719
0.09655
0.149
0.0
0.42726
V
54
N
55
69
39
D
0.41969
0.05394
0.0
0.0
0.0
0.16197
0.3644
V
55
N
54
70
40
D
0.10411
0.09466
0.00317
0.08394
0.0
0.0
0.71412
V
57
N
58
72
42
D
0.01236
0.00733
0.6813
0.01915
0.14158
0.12254
0.01574
V
58
N
59
57
73
D
0.95605
0.0
0.03626
0.0
0.00238
0.00434
0.00097
V
59
N
58
74
D
0.03649
0.0
0.0
0.0
0.0
0.19296
0.77055
V
63
N
78
48
D
0.53376
0.0
0.0
0.4371
0.0256
0.0
0.00354
V
66
N
67
81
51
D
0.61715
0.011
0.27021
0.0
0.0176
0.06184
0.0222
V
67
N
66
82
52
D
0.11674
0.07022
0.02882
0.0
0.78422
V
69
N
70
84
54
D
0.27234
0.00016
0.0
0.0
0.7275
V
70
N
69
85
55
D
0.0069
0.08294
0.0
0.27284
0.16206
0.47526
V
72
N
73
87
57
D
0.45897
0.0
0.03688
0.14107
0.0
0.0
0.36308
V
73
N
74
72
88
58
D
0.00394
0.0
0.01027
1e-05
0.98578
V
74
N
75
73
59
D
0.03485
0.54687
0.07948
0.2696
0.05499
0.01421
V
75
N
74
D
0.6051
0.0
0.0
0.0
0.0
0.3949
V
78
N
79
93
63
D
0.00653
0.0
0.0
0.01801
0.90118
0.01895
0.05533
V
79
N
80
78
D
0.00403
0.00038
0.00014
0.97771
0.00112
0.0
0.01662
V
80
N
81
79
D
0.24296
0.0
0.75704
V
81
N
82
80
96
66
D
0.13137
0.03708
0.0
0.12219
0.52469
0.18467
V
82
N
83
81
97
67
D
0.06431
0.11653
0.0
0.0
0.0
0.0
0.81916
V
83
N
84
82
D
0.00144
0.03627
0.0
0.08015
0.83434
0.0
0.0478
V
84
N
85
83
99
69
D
0.02381
0.9138
0.01076
0.0272
0.0
0.0
0.02443
V
85
N
86
84
100
70
D
0.82268
0.0
0.0
0.0
0.0
0.17732
V
86
N
87
85
D
0.41724
0.0
0.0
0.0
0.5202
0.02014
0.04242
V
87
N
88
86
102
72
D
0.55648
0.0
0.0
0.0
0.1468
0.25992
0.0368
V
88
N
87
103
73
D
0.11372
0.0
0.01124
0.00043
0.11209
0.00048
0.76204
V
92
N
93
D
0.21017
0.0
0.0
0.0
0.78983
V
93
N
92
108
78
D
0.50921
0.0
0.0
0.46735
0.0
0.00379
0.01965
V
96
N
97
111
81
D
0.03255
0.64671
0.00448
0.00267
0.0
0.30225
0.01134
V
97
N
96
112
82
D
0.28974
0.0
0.29076
0.0
0.03361
0.00055
0.38534
V
99
N
100
114
84
D
0.4102
0.0
0.5898
V
100
N
99
115
85
D
0.2782
0.0
0.0
0.0
0.0
0.0
0.7218
V
102
N
103
87
D
0.30969
0.64584
0.0028
0.03147
0.0
0.0102
V
103
N
104
102
118
88
D
0.67298
0.0
0.11314
0.14231
0.07157
V
104
N
105
103
119
D
0.09153
0.0
0.02237
0.0
0.10439
0.0
0.78171
V
105
N
104
D
0.9325
0.0
0.0553
0.0
0.0
0.0122
V
108
N
123
93
D
0.33672
0.0088
0.45742
0.0
0.19706
V
111
N
112
126
96
D
0.2758
0.01623
0.0
0.70062
0.0
0.00735
V
112
N
111
97
D
0.18558
0.0
0.0
0.50062
0.0
0.1511
0.1627
V
114
N
115
129
99
D
0.9354
0.0
0.0646
V
115
N
114
130
100
D
0.08327
0.55949
0.0
0.3004
0.0
0.05684
V
118
N
119
133
103
D
0.03665
0.0
0.0
0.0
0.00378
0.0
0.95957
V
119
N
118
104
D
0.59351
0.06135
0.03756
0.0
0.0
0.30758
V
123
N
124
108
D
0.86433
0.0
0.0
0.0
0.0
0.0
0.13567
V
124
N
125
123
D
0.53481
0.0
0.0
0.20105
0.14667
0.11747
V
125
N
126
124
D
0.03642
0.01765
0.0
0.0
0.18655
0.09967
0.65971
V
126
N
125
111
D
0.79329
0.07926
0.02112
0.0
0.0
0.0
0.10633
V
129
N
130
114
D
0.19307
0.04562
0.18963
3e-05
0.0
0.00011
0.57154
V
130
N
131
129
115
D
0.60464
0.0
0.0
0.39536
V
131
N
132
130
D
0.70337
0.00592
0.0
0.00584
0.28487
V
132
N
133
131
D
0.00439
0.1551
0.81965
0.02086
V
133
N
132
118
D
0.13858
0.4893
0.0
0.2331
0.0
0.0336
0.10542
