i_116_2_24_FR_arena
24
arena
A
0
14
16
11
A
1
14
19
13
V
14
N
15
26
D
0.1481
0.0
0.0
0.0
0.0
0.73096
0.12094
V
15
N
16
14
27
D
0.12856
0.0
0.30409
0.0
0.3503
0.21705
V
16
N
17
15
28
D
0.27615
0.0
0.11358
0.11058
0.49969
V
17
N
18
16
29
D
0.07763
0.0
0.04959
0.74704
0.0
0.12574
V
18
N
19
17
30
D
0.29645
0.0
0.70355
V
19
N
20
18
D
0.25877
0.0
0.0
0.0742
0.0
0.41097
0.25606
V
20
N
21
19
32
D
0.24959
0.24113
0.50928
V
21
N
22
20
33
D
0.01348
0.0
0.0
0.0
0.01361
0.78826
0.18465
V
22
N
23
21
34
D
0.22291
0.0
0.44357
0.0
0.03186
0.27853
0.02313
V
23
N
24
22
35
D
0.05837
0.10658
0.0
0.27294
0.56211
V
24
N
23
36
D
0.51798
0.29905
0.03581
0.0
0.13393
0.01323
V
26
N
27
38
14
D
0.25346
0.0931
0.0
0.0
0.01263
0.00348
0.63733
V
27
N
28
26
39
15
D
0.1193
0.0
0.0
0.15702
0.0
0.72368
V
28
N
29
27
40
16
D
0.82755
0.0
0.02837
0.0
0.13171
0.0
0.01237
V
29
N
30
28
41
17
D
0.07413
0.66067
0.0
0.21369
0.0
0.0
0.05151
V
30
N
29
42
18
D
0.18504
0.02861
0.0
0.00866
0.56623
0.0
0.21146
V
32
N
33
44
20
D
0.02445
0.0
0.0
0.0
0.00205
0.57439
0.39911
V
33
N
34
32
45
21
D
0.45233
0.0
0.0
0.0
0.0
0.54767
V
34
N
35
33
46
22
D
0.07039
0.0
0.0
0.05112
0.87849
V
35
N
36
34
47
23
D
0.237
0.763
V
36
N
35
48
24
D
0.36928
0.12663
0.37903
0.04298
0.0
0.08208
V
38
N
39
50
26
D
0.4272
0.01094
0.00238
0.0
0.0
0.55948
V
39
N
40
38
51
27
D
0.01301
0.09755
0.29374
0.13692
0.4005
0.05828
V
40
N
41
39
52
28
D
0.67538
0.0
0.0
0.21778
0.0
0.00656
0.10028
V
41
N
42
40
29
D
0.02455
0.04335
0.00936
0.13244
0.0
0.78721
0.00309
V
42
N
43
41
54
30
D
0.33372
0.1286
0.0
0.0
0.51757
0.0
0.02011
V
43
N
44
42
55
D
0.63765
0.0
0.36235
V
44
N
45
43
56
32
D
0.04342
0.60201
0.0959
0.0
0.0
0.0
0.25867
V
45
N
46
44
33
D
0.01484
0.00011
0.96963
0.01278
0.0
0.00264
V
46
N
47
45
58
34
D
0.98994
0.0
0.0
0.0
0.0
0.01006
V
47
N
48
46
59
35
D
0.80043
0.0
0.19957
V
48
N
47
60
36
D
0.37593
0.28535
0.1064
0.21836
0.0
0.01396
V
50
N
51
62
38
D
0.02209
0.0
0.0
0.0
0.97728
0.00063
V
51
N
52
50
63
39
D
0.20052
0.0
0.40799
0.0
0.39149
V
52
N
51
64
40
D
0.8238
0.0
0.0
0.06971
0.10649
V
54
N
55
66
42
D
0.30227
0.56302
0.03162
0.0009
0.0
0.07013
0.03206
V
55
N
56
54
67
43
D
0.11983
0.21772
0.35291
0.0
0.05785
0.25169
V
56
N
55
68
44
D
0.03031
0.25842
0.0
0.0
0.71127
V
58
N
59
70
46
D
0.08164
0.0
0.0
0.3417
0.11222
0.30046
0.16398
V
59
N
60
58
71
47
D
0.11248
0.1478
0.0
0.37217
0.0
0.0
0.36755
V
60
N
59
72
48
D
0.53203
0.19912
0.19733
0.07152
V
62
N
63
74
50
D
0.30195
0.18044
0.0
0.34339
0.00215
0.17207
V
63
N
64
62
75
51
D
0.00189
0.0
0.93432
0.03925
0.02384
0.00014
0.00056
V
64
N
65
63
76
52
D
0.42511
0.11162
0.0
0.02355
0.06547
0.28266
0.09159
V
65
N
66
64
77
D
0.30882
0.00084
0.0
0.0
0.0
0.0
0.69034
V
66
N
67
65
78
54
D
0.55563
0.44437
V
67
N
68
66
79
55
D
0.19787
0.16255
0.0
0.0
0.0
0.0
0.63958
V
68
N
69
67
80
56
D
0.79629
0.0
0.0
0.0
0.0
0.0
0.20371
V
69
N
70
68
81
D
0.19422
0.62876
0.0
0.0
0.0
0.01986
0.15716
V
70
N
71
69
82
58
D
0.77819
0.08362
0.0
0.0
0.0
0.13819
V
71
N
72
70
83
59
D
0.67241
0.06905
0.07705
0.0
0.0
0.0
0.18149
V
72
N
71
84
60
D
0.07174
0.29242
0.0
0.0
0.24735
0.29077
0.09772
V
74
N
75
86
62
D
0.07449
0.28909
0.0
0.0
0.63642
V
75
N
76
74
87
63
D
0.2478
0.0
0.0
0.22436
0.0
0.52784
V
76
N
77
75
88
64
D
0.13061
0.0
0.86939
V
77
N
78
76
89
65
D
0.96047
0.0
0.0
0.0
0.02113
0.0184
V
78
N
79
77
90
66
D
0.02518
0.00637
0.04321
0.0
0.00931
0.91593
V
79
N
80
78
91
67
D
0.90662
0.0
0.00202
0.0
0.09136
V
80
N
81
79
92
68
D
0.07997
0.0
0.0
0.0
0.0
0.66878
0.25125
V
81
N
82
80
93
69
D
0.22189
0.0
0.05153
0.0
0.0
0.36305
0.36353
V
82
N
83
81
94
70
D
0.00066
0.04087
0.0418
0.0
0.05544
0.86123
V
83
N
84
82
95
71
D
0.84318
0.0032
0.14887
0.00201
0.00274
V
84
N
83
96
72
D
0.13095
0.41631
0.17628
0.23537
0.0
0.04109
V
86
N
87
98
74
D
0.79233
0.0
0.0
0.0
0.0
0.0
0.20767
V
87
N
88
86
99
75
D
0.09149
0.0
0.0
0.3103
0.0
0.59821
V
88
N
89
87
100
76
D
0.04868
0.70124
0.0
0.25008
V
89
N
90
88
77
D
0.01305
0.00109
0.0109
0.26139
0.0
0.06678
0.64679
V
90
N
91
89
102
78
D
0.00536
0.48738
0.50209
0.0
0.0
0.0
0.00517
V
91
N
92
90
103
79
D
0.50962
0.02189
0.0
0.01884
0.0
0.44965
V
92
N
93
91
104
80
D
0.48315
0.0
0.0
0.23628
0.28057
V
93
N
94
92
81
D
0.52051
0.0
0.13806
0.0
0.3391
0.0
0.00233
V
94
N
95
93
106
82
D
0.25805
0.37833
0.0
0.0
0.18085
0.18277
V
95
N
96
94
107
83
D
0.08806
0.0081
0.0
0.0
0.0
0.06202
0.84182
V
96
N
95
108
84
D
0.24534
0.60006
0.0
0.0
0.13997
0.0
0.01463
V
98
N
99
110
86
D
0.00477
0.0
0.86096
0.0
0.11485
0.01942
V
99
N
100
98
111
87
D
0.12503
0.0
0.0
0.00154
0.02093
0.77335
0.07915
V
100
N
99
112
88
D
0.09635
0.57097
0.17935
0.08347
0.0
0.0
0.06986
V
102
N
103
114
90
D
0.04296
0.09395
0.0
0.0
0.00183
0.0
0.86126
V
103
N
104
102
115
91
D
0.2479
0.0
0.17826
0.03453
0.53931
V
104
N
103
116
92
D
0.19465
0.38652
0.41883
V
106
N
107
118
94
D
0.15334
0.37798
0.0
0.30691
0.09822
0.06355
V
107
N
108
106
119
95
D
0.5238
0.08195
0.0
0.0
0.0
0.28898
0.10527
V
108
N
107
120
96
D
0.16966
0.32235
0.0
0.50563
0.00236
V
110
N
111
122
98
D
0.00643
0.0333
0.01977
0.01338
0.0
0.01525
0.91187
V
111
N
112
110
123
99
D
0.4493
0.0
0.0
0.0
0.0
0.20814
0.34256
V
112
N
113
111
124
100
D
0.86467
0.02467
0.0
0.0
0.0
0.0
0.11066
V
113
N
114
112
125
D
0.10213
0.77561
0.0
0.12226
V
114
N
115
113
126
102
D
0.00054
0.08934
0.02991
0.02105
0.18611
0.0
0.67305
V
115
N
116
114
127
103
D
0.20003
0.17805
0.00101
0.59979
0.0
0.0
0.02112
V
116
N
117
115
128
104
D
0.55408
0.0
0.0
0.0
0.0
0.0
0.44592
V
117
N
118
116
129
D
0.20352
0.0
0.0
0.27793
0.01604
0.02513
0.47738
V
118
N
119
117
130
106
D
0.60361
0.0
0.0
0.0
0.0
0.12743
0.26896
V
119
N
120
118
131
107
D
0.66204
0.25613
0.0
0.0
0.0
0.0
0.08183
V
120
N
119
132
108
D
0.00275
0.93361
0.05197
0.00443
0.0
0.00724
V
122
N
123
134
110
D
0.01416
7e-05
0.0
0.03622
0.00217
0.00359
0.94379
V
123
N
124
122
135
111
D
0.44572
0.03912
0.0
0.0
0.24012
0.27504
V
124
N
125
123
136
112
D
0.22631
0.12577
0.0019
0.00751
0.04456
0.56392
0.03003
V
125
N
126
124
137
113
D
0.10283
0.0
0.0
0.0
0.0
0.36509
0.53208
V
126
N
127
125
138
114
D
0.17711
0.01197
0.49739
0.11434
0.19919
V
127
N
128
126
139
115
D
0.71225
0.17922
0.0
0.0
0.0
0.09864
0.00989
V
128
N
129
127
140
116
D
0.24664
0.0
0.25918
0.43591
0.05827
V
129
N
130
128
141
117
D
0.5053
0.0
0.39603
0.01069
0.03913
0.03594
0.01291
V
130
N
131
129
142
118
D
0.29472
0.12131
0.24757
0.0
0.0
0.3364
V
131
N
132
130
143
119
D
0.97317
0.0
0.0
0.01638
0.0
0.0
0.01045
V
132
N
131
144
120
D
0.02565
0.03049
0.2394
0.54062
0.02138
0.0
0.14246
V
134
N
135
122
D
0.6895
0.0164
0.0
0.0
0.0
0.2941
V
135
N
136
134
123
D
0.87954
0.0
0.02217
0.0
0.0
0.0
0.09829
V
136
N
137
135
124
D
0.22492
0.0
0.77508
V
137
N
138
136
125
D
0.03237
0.02101
0.33547
0.57102
0.04013
V
138
N
139
137
126
D
0.92735
0.01123
0.0
0.00022
0.002
0.05456
0.00464
V
139
N
140
138
127
D
0.09837
0.11277
0.49811
0.21171
0.0539
0.02514
V
140
N
141
139
128
D
0.10456
0.09479
0.30225
0.0
0.3024
0.06876
0.12724
V
141
N
142
140
129
D
0.38341
0.0
0.61659
V
142
N
143
141
130
D
0.2304
0.0
0.0
0.0
0.0
0.0
0.7696
V
143
N
144
142
131
D
0.14273
0.82518
0.00515
0.0
0.0
0.00409
0.02285
V
144
N
143
132
D
0.44068
0.0
0.07474
0.11812
0.35086
0.0156
