i_115_5_56_FR_lak515d
56
lak515d
A
0
268
37
22
A
1
268
41
39
A
2
268
51
3
A
3
268
35
38
A
4
268
43
22
V
268
N
269
296
D
0.16958
0.42918
0.0
0.3749
0.0
0.02634
V
269
N
268
297
D
0.75781
0.01108
0.06427
0.03923
0.0
0.12761
V
272
N
300
D
0.16106
0.0091
0.0
0.82984
V
295
N
296
323
D
0.11809
0.0
0.0
0.0
0.0
0.88191
V
296
N
297
295
324
268
D
0.80601
0.0
0.0
0.06256
0.0
0.08707
0.04436
V
297
N
298
296
325
269
D
0.33584
0.58691
0.0
0.0
0.0
0.07725
V
298
N
299
297
326
D
0.15855
0.0
0.01784
0.04081
0.19183
0.59097
V
299
N
300
298
327
D
0.13441
0.27974
0.0
0.0
0.58585
V
300
N
299
328
272
D
0.02446
0.00111
0.39352
0.0
0.06342
0.5164
0.00109
V
322
N
323
350
D
0.19315
0.0
0.10525
0.0
0.0
0.0
0.7016
V
323
N
324
322
351
295
D
0.04257
0.94089
0.0
0.0
0.01654
V
324
N
325
323
296
D
0.10012
0.0
0.01215
0.0
0.33476
0.0
0.55297
V
325
N
326
324
353
297
D
0.919
0.0
0.0
0.0
0.0
0.081
V
326
N
327
325
354
298
D
0.24473
0.00266
0.0
0.28048
0.09092
0.38121
V
327
N
328
326
355
299
D
0.04039
0.0
0.0
0.0
0.0
0.0
0.95961
V
328
N
327
356
300
D
0.49172
0.06246
0.08601
0.26437
0.08809
0.0
0.00735
V
348
N
349
D
0.44311
0.17085
0.0
0.0
0.0
0.0
0.38604
V
349
N
350
348
377
D
0.4008
0.34872
0.04725
0.0
0.20323
V
350
N
351
349
378
322
D
0.40502
0.0
0.0
0.39471
0.0
0.01118
0.18909
V
351
N
350
379
323
D
0.35321
0.02594
0.08133
0.0
0.24157
0.01035
0.2876
V
353
N
354
381
325
D
0.03894
0.06725
0.0
0.0
0.0
0.89381
V
354
N
355
353
382
326
D
0.19625
0.63301
0.0
0.17074
V
355
N
356
354
383
327
D
0.17327
0.0
0.1935
0.0
0.39989
0.0
0.23334
V
356
N
355
384
328
D
0.02134
0.0044
0.0
0.0
0.01671
0.92749
0.03006
V
377
N
378
349
D
0.31222
0.06616
0.0
0.46285
0.09388
0.06043
0.00446
V
378
N
379
377
406
350
D
0.02373
0.0
0.0
0.0
0.46517
0.4305
0.0806
V
379
N
380
378
407
351
D
0.01946
0.0
0.00759
0.96145
0.0
0.00713
0.00437
V
380
N
381
379
408
D
0.02025
0.04467
0.00439
0.0
0.01027
0.0
0.92042
V
381
N
382
380
409
353
D
0.09899
0.0
0.0
0.0
0.6089
0.0
0.29211
V
382
N
383
381
410
354
D
0.88011
0.0
0.00538
0.0
0.1035
0.0
0.01101
V
383
N
384
382
411
355
D
0.00634
0.0
0.00243
0.01599
0.18385
0.02515
0.76624
V
384
N
385
383
412
356
D
0.94295
0.0
0.02781
0.0
0.0
0.0
0.02924
V
385
N
384
413
D
0.14721
0.0
0.3561
0.0
0.11927
0.37742
V
406
N
407
434
378
D
0.48514
0.02982
0.0
0.0
0.4024
0.0
0.08264
V
407
N
408
406
435
379
D
0.15472
0.27684
0.0
0.0
0.0
0.56844
V
408
N
409
407
436
380
D
0.70108
0.19866
0.04344
0.01252
0.0
0.0
0.0443
V
409
N
410
408
437
381
D
0.02518
0.0
0.0
0.32019
0.47468
0.10912
0.07083
V
410
N
411
409
438
382
D
0.90776
0.0
0.09224
V
411
N
412
410
439
383
D
0.3621
0.0
0.14792
0.10986
0.38012
V
412
N
413
411
440
384
D
0.09264
0.0
0.0
0.0
0.90736
V
413
N
414
412
441
385
D
0.25326
0.46655
0.0
0.0
0.28019
V
414
N
415
413
442
D
0.14971
0.02909
0.73436
0.0
0.08684
V
415
N
414
443
D
0.12258
0.14961
0.0
0.0
0.32811
0.25717
0.14253
V
434
N
435
462
406
D
0.17347
0.40773
0.3797
0.00245
0.03665
V
435
N
436
434
463
407
D
0.12744
0.32463
0.0
0.04287
0.48121
0.00672
0.01713
V
436
N
437
435
464
408
D
0.26899
0.0
0.0
0.0
0.73101
V
437
N
438
436
465
409
D
0.53662
0.40316
0.0
0.0
0.06022
V
438
N
439
437
466
410
D
0.44817
0.0006
0.0
0.00176
0.53122
0.01825
V
439
N
440
438
467
411
D
0.01829
0.95709
0.00486
0.01383
0.0
0.00593
V
440
N
441
439
468
412
D
0.52925
0.0
0.01388
0.0
0.0
0.14745
0.30942
V
441
N
442
440
469
413
D
0.23425
0.0
0.22714
0.07631
0.12039
0.34191
V
442
N
443
441
470
414
D
0.10149
0.3576
0.0
0.48089
0.03713
0.02289
V
443
N
442
471
415
D
0.14951
0.85049
V
462
N
463
490
434
D
0.58635
0.0
0.39685
0.0168
V
463
N
464
462
491
435
D
0.4311
0.0
0.0
0.0
0.0
0.5689
V
464
N
465
463
492
436
D
0.01897
0.03035
0.0
0.95068
V
465
N
466
464
493
437
D
0.00252
0.0
0.98004
0.01363
0.0
0.00198
0.00183
V
466
N
467
465
494
438
D
0.18644
0.0
0.27779
0.0
0.53577
V
467
N
468
466
495
439
D
0.00184
0.0
0.49378
0.0
0.50379
0.00059
V
468
N
469
467
496
440
D
0.37223
0.00478
0.07258
0.0
0.0
0.55041
V
469
N
470
468
497
441
D
0.92988
0.0
0.0
0.07012
V
470
N
471
469
498
442
D
0.05331
0.0
0.66465
0.0
0.28204
V
471
N
470
499
443
D
0.19427
0.27563
0.37816
0.0
0.0
0.11448
0.03746
V
490
N
491
518
462
D
0.03503
0.05878
0.0
0.79461
0.04682
0.06476
V
491
N
492
490
519
463
D
0.86107
0.12516
0.0
0.0
0.01377
V
492
N
493
491
520
464
D
0.0212
0.0
0.3356
0.6432
V
493
N
494
492
521
465
D
0.82088
0.0
0.1378
0.00128
0.02848
0.00013
0.01143
V
494
N
495
493
522
466
D
0.58488
0.0
0.10649
0.0
0.02184
0.0
0.28679
V
495
N
496
494
523
467
D
0.32874
0.0
0.0
0.0
0.67126
V
496
N
497
495
524
468
D
0.84917
0.0
0.0
0.0
0.0
0.0
0.15083
V
497
N
498
496
525
469
D
0.49445
0.0
0.0
0.14097
0.08258
0.24384
0.03816
V
498
N
499
497
526
470
D
0.80079
0.00231
0.0
0.0
0.03051
0.0
0.16639
V
499
N
498
527
471
D
0.10779
0.0
0.89221
V
518
N
519
546
490
D
0.19235
0.0
0.12291
0.0
0.64835
0.0
0.03639
V
519
N
520
518
547
491
D
0.03118
0.0
0.0
0.09351
0.0
0.20103
0.67428
V
520
N
521
519
548
492
D
0.0022
0.0
0.00247
0.00487
0.01512
0.0
0.97534
V
521
N
522
520
549
493
D
0.2186
0.00466
0.0
0.0
0.69526
0.0
0.08148
V
522
N
523
521
550
494
D
0.4483
0.0
0.0
0.0
0.5335
0.0182
V
523
N
524
522
551
495
D
0.13337
0.0
0.80086
0.05775
0.00802
V
524
N
525
523
552
496
D
0.29545
0.00418
0.0
0.0
0.70037
V
525
N
526
524
553
497
D
0.06274
0.0
0.07742
0.12557
0.68357
0.0
0.0507
V
526
N
527
525
554
498
D
0.0124
0.98098
0.0
0.0
0.0
0.00662
V
527
N
528
526
555
499
D
0.01189
0.0
0.01814
0.0
0.01702
0.92849
0.02446
V
528
N
527
556
D
0.07507
0.01503
0.32472
0.15798
0.24873
0.0
0.17847
V
546
N
547
518
D
0.58577
0.08361
0.0
0.12757
0.0
0.20305
V
547
N
548
546
575
519
D
0.59858
0.0
0.0
0.0
0.0
0.0
0.40142
V
548
N
549
547
520
D
0.13055
0.56391
0.06571
0.16278
0.02534
0.0
0.05171
V
549
N
550
548
521
D
0.37538
0.4734
0.01515
0.0
0.0
0.13607
V
550
N
551
549
522
D
0.00581
0.00013
0.03152
0.91105
0.03215
0.0
0.01934
V
551
N
552
550
579
523
D
0.05285
0.0
0.03517
0.0
0.0
0.0
0.91198
V
552
N
553
551
580
524
D
0.0408
0.02042
0.02879
0.0
0.57901
0.02495
0.30603
V
553
N
554
552
581
525
D
0.08456
0.0
0.0
0.0
0.0
0.91544
V
554
N
555
553
582
526
D
0.041
0.0
0.95201
0.0
0.0
0.0
0.00699
V
555
N
556
554
583
527
D
0.03305
0.0
0.20327
0.0
0.0
0.76368
V
556
N
557
555
584
528
D
0.92014
0.0
0.0
0.03597
0.0
0.03654
0.00735
V
557
N
556
585
D
0.67192
0.07525
0.18423
0.06651
0.00209
V
575
N
547
D
0.37607
0.0
0.25834
0.0
0.00014
0.35275
0.0127
V
579
N
580
551
D
0.89896
0.0
0.10104
V
580
N
581
579
608
552
D
0.4572
0.4309
0.0
0.0
0.07513
0.0
0.03677
V
581
N
582
580
609
553
D
0.15652
0.04088
0.0
0.06159
0.0549
0.0
0.68611
V
582
N
583
581
610
554
D
0.38909
0.0
0.17518
0.0
0.10909
0.04496
0.28168
V
583
N
584
582
611
555
D
0.27954
0.0
0.0
0.0
0.57575
0.0
0.14471
V
584
N
585
583
612
556
D
0.26472
0.0
0.05896
0.0
0.669
0.0
0.00732
V
585
N
584
613
557
D
0.06124
0.04844
0.0
0.0
0.23356
0.0
0.65676
V
608
N
609
580
D
0.33368
0.0
0.66632
V
609
N
610
608
581
D
0.45704
0.08009
0.0
0.25882
0.0
0.13421
0.06984
V
610
N
611
609
638
582
D
0.28073
0.0
0.58436
0.0
0.13491
V
611
N
612
610
583
D
0.07733
0.0
0.00736
0.68754
0.22777
V
612
N
613
611
640
584
D
0.00203
0.0
0.0
0.0
0.27406
0.72391
V
613
N
614
612
641
585
D
0.57626
0.0
0.42374
V
614
N
613
D
0.07775
0.01056
0.2565
0.0223
0.07124
0.0
0.56165
V
638
N
610
D
0.7218
0.0
0.2782
V
640
N
641
612
D
0.03312
0.0
0.0
0.24034
0.29584
0.4307
V
641
N
640
613
D
0.7847
0.02676
0.0
0.1034
0.08514
