i_120_5_52_FR_lak106d
52
lak106d
A
0
13
50
15
A
1
13
48
51
A
2
13
49
38
A
3
13
31
3
A
4
13
26
22
V
13
N
37
D
0.14675
0.0
0.0
0.0
0.82417
0.00994
0.01914
V
34
N
35
D
0.21012
0.0
0.75543
0.03445
V
35
N
36
34
59
D
0.6468
0.0
0.0
0.0
0.0
0.0
0.3532
V
36
N
37
35
60
D
0.68234
0.0
0.0
0.0
0.0
0.31766
V
37
N
38
36
61
13
D
0.17127
0.66456
0.16417
V
38
N
39
37
62
D
0.02178
0.0
0.01667
0.09089
0.69455
0.0
0.17611
V
39
N
40
38
63
D
0.60716
0.0
0.35588
0.0
0.03696
V
40
N
39
D
0.70182
0.15275
0.0
0.0
0.0
0.14543
V
59
N
60
83
35
D
0.0112
0.00183
0.11752
0.03311
0.0145
0.01304
0.8088
V
60
N
61
59
84
36
D
0.44109
0.0
0.0
0.04995
0.0
0.0
0.50896
V
61
N
62
60
85
37
D
0.09093
0.0
0.33949
0.0
0.0
0.54797
0.02161
V
62
N
63
61
86
38
D
0.77519
0.0
0.0
0.0
0.22481
V
63
N
62
87
39
D
0.01086
0.0
0.44679
0.0
0.05949
0.0
0.48286
V
82
N
83
106
D
0.02136
0.95317
0.0
0.0
0.02547
V
83
N
84
82
107
59
D
0.14826
0.0
0.0
0.027
0.0
0.58103
0.24371
V
84
N
85
83
108
60
D
0.23328
0.0
0.0
0.59096
0.02912
0.0
0.14664
V
85
N
86
84
109
61
D
0.40879
0.0
0.0
0.45559
0.08162
0.0
0.054
V
86
N
87
85
110
62
D
0.19123
0.01741
0.0
0.03006
0.02707
0.0
0.73423
V
87
N
86
111
63
D
0.91194
0.0
0.0
0.0
0.0
0.08806
V
106
N
107
82
D
0.00026
0.069
0.00015
0.07678
0.0072
0.0
0.84661
V
107
N
108
106
131
83
D
0.27342
0.0
0.0
0.3149
0.0
0.34686
0.06482
V
108
N
109
107
132
84
D
0.17835
0.0
0.00973
0.45704
0.0
0.30749
0.04739
V
109
N
110
108
133
85
D
0.36151
0.44602
0.03975
0.0
0.0
0.09585
0.05687
V
110
N
111
109
134
86
D
0.03629
0.0
0.22361
0.08339
0.0
0.09171
0.565
V
111
N
110
87
D
0.83455
0.0
0.0
0.0
0.0
0.16545
V
131
N
132
155
107
D
0.19715
0.0
0.0
0.50427
0.29858
V
132
N
133
131
156
108
D
0.04384
0.63674
0.03243
0.0
0.28699
V
133
N
134
132
157
109
D
0.6401
0.08669
0.19309
0.04724
0.00371
0.0
0.02917
V
134
N
133
158
110
D
0.08603
0.20598
0.0
0.66553
0.0
0.0
0.04246
V
154
N
155
178
D
0.59563
0.0
0.0
0.07773
0.0
0.0
0.32664
V
155
N
156
154
179
131
D
0.05466
0.0
0.0
0.385
0.51568
0.0
0.04466
V
156
N
157
155
180
132
D
0.23316
0.25234
0.02567
0.01984
0.44828
0.0
0.02071
V
157
N
158
156
181
133
D
0.08573
0.54902
0.0
0.0
0.19408
0.0
0.17117
V
158
N
157
182
134
D
0.35988
0.0
0.0
0.0
0.0
0.0
0.64012
V
178
N
179
154
D
0.03498
0.01417
0.42601
0.43273
0.00782
0.0748
0.00949
V
179
N
180
178
203
155
D
0.49343
0.08426
0.0001
0.0
0.0
0.0
0.42221
V
180
N
181
179
204
156
D
0.58889
0.13362
0.0
0.0
0.16443
0.11306
V
181
N
182
180
205
157
D
0.10251
0.0
0.02166
0.0
0.87573
0.0
0.0001
V
182
N
183
181
206
158
D
0.03745
0.0
0.87747
0.02938
0.0
0.0557
V
183
N
182
207
D
0.27592
0.0
0.06892
0.60809
0.04707
V
203
N
204
227
179
D
0.07605
0.2792
0.0
0.64475
V
204
N
205
203
228
180
D
0.42708
0.0
0.04278
0.0
0.45316
0.07698
V
205
N
206
204
229
181
D
0.36049
0.0
0.63951
V
206
N
207
205
230
182
D
0.00658
0.0
0.00913
0.03806
0.02864
0.00154
0.91605
V
207
N
206
231
183
D
0.9187
0.0
0.0813
V
226
N
227
D
0.08283
0.41296
0.0
0.0
0.0
0.26084
0.24337
V
227
N
228
226
251
203
D
0.18541
0.36166
0.0
0.26013
0.0
0.1928
V
228
N
229
227
252
204
D
0.03096
0.0
0.06148
0.90323
0.00426
0.0
7e-05
V
229
N
230
228
253
205
D
0.87853
0.0
0.0
0.0
0.0
0.12147
V
230
N
231
229
254
206
D
0.39825
0.15345
0.29988
0.0
0.04359
0.0
0.10483
V
231
N
232
230
255
207
D
0.5981
0.3294
0.00657
0.0
0.04746
0.01847
V
232
N
231
256
D
0.10387
0.0
0.2456
0.0
0.0
0.31057
0.33996
V
251
N
252
275
227
D
0.16357
0.03593
0.07657
0.0
0.0
0.68295
0.04098
V
252
N
253
251
276
228
D
0.10444
0.0
0.0
0.0
0.0
0.0
0.89556
V
253
N
254
252
277
229
D
0.12355
0.0
0.87645
V
254
N
255
253
278
230
D
0.10039
0.0
0.0
0.33191
0.56762
8e-05
V
255
N
256
254
279
231
D
0.8297
0.08015
0.07923
0.0
0.0
0.0
0.01092
V
256
N
255
280
232
D
0.04262
0.00056
0.04046
0.0026
0.01238
0.90138
V
275
N
276
299
251
D
0.00952
0.0
0.0
0.0877
0.26298
0.0
0.6398
V
276
N
277
275
300
252
D
0.05818
0.0
0.37226
0.06849
0.145
0.31797
0.0381
V
277
N
278
276
301
253
D
0.71458
0.0
0.0
0.0
0.19649
0.08893
V
278
N
279
277
302
254
D
0.13764
0.57471
0.0
0.28558
0.0
0.0
0.00207
V
279
N
280
278
303
255
D
0.5156
0.0
0.0
0.4844
V
280
N
279
256
D
0.01424
0.0
0.0
0.89948
0.0
0.0
0.08628
V
299
N
300
323
275
D
0.0069
0.0162
0.01941
0.12572
0.01265
0.80279
0.01633
V
300
N
301
299
324
276
D
0.01029
0.59314
0.03954
0.01336
0.1874
0.00766
0.14861
V
301
N
302
300
325
277
D
0.93042
0.0
0.0
0.0
0.06958
V
302
N
303
301
326
278
D
0.99196
0.0
0.0
0.0
0.0
0.00804
V
303
N
302
327
279
D
0.11362
0.15259
0.16016
0.0
0.53856
0.01944
0.01563
V
322
N
323
346
D
0.19709
0.66986
0.0
0.0
0.0
0.0
0.13305
V
323
N
324
322
347
299
D
0.26048
0.01713
0.18054
0.47556
0.0
0.06629
V
324
N
325
323
348
300
D
0.54897
0.0
0.0
0.10258
0.34845
V
325
N
326
324
349
301
D
0.33959
0.0
0.66041
V
326
N
327
325
350
302
D
0.04882
0.0
0.49128
0.0
0.38395
0.07595
V
327
N
326
303
D
0.15046
0.0
0.00781
0.00316
0.6352
0.01731
0.18606
V
344
N
368
D
0.029
0.97037
0.0
0.0
0.00063
V
346
N
347
370
322
D
0.01158
0.23956
0.49918
0.0
0.0
0.00626
0.24342
V
347
N
348
346
371
323
D
0.49076
0.0
0.0
0.38548
0.00238
0.0
0.12138
V
348
N
349
347
372
324
D
0.85816
0.11673
0.0
0.0
0.02511
V
349
N
350
348
373
325
D
0.02252
0.00265
0.04166
0.826
0.05004
0.0
0.05713
V
350
N
349
374
326
D
0.2865
0.0
0.0
0.0
0.03881
0.66325
0.01144
V
362
N
363
D
0.04647
0.01473
0.4567
0.06153
0.0
0.0
0.42057
V
363
N
364
362
387
D
0.00034
0.00554
0.03786
0.0247
0.0
0.00934
0.92222
V
364
N
365
363
388
D
0.5391
0.0
0.0
0.4609
V
365
N
366
364
389
D
0.85617
0.00445
0.0
0.0
0.02638
0.113
V
366
N
367
365
390
D
0.84901
0.15099
V
367
N
368
366
391
D
0.14967
0.00441
0.0057
0.0
0.0
0.76029
0.07993
V
368
N
369
367
392
344
D
0.3003
0.0
0.0
0.41606
0.0
0.0
0.28364
V
369
N
370
368
D
0.92928
0.0
0.0
0.0
0.0
0.07072
V
370
N
371
369
394
346
D
0.32591
0.0
0.0
0.0
0.53321
0.0
0.14088
V
371
N
372
370
395
347
D
0.89735
0.0
0.01594
0.0
0.0
0.0
0.08671
V
372
N
373
371
396
348
D
0.03852
0.14372
0.0
0.30283
0.09929
0.41564
V
373
N
374
372
397
349
D
0.27797
0.25975
0.0
0.0
0.0
0.22188
0.2404
V
374
N
375
373
398
350
D
0.05844
0.01051
0.35525
0.10313
0.0
0.37369
0.09898
V
375
N
374
D
0.47025
0.0
0.52975
V
387
N
388
411
363
D
0.60261
0.05001
0.02066
0.0
0.0
0.32672
V
388
N
389
387
412
364
D
0.2365
0.0
0.07598
0.0
0.30503
0.38249
V
389
N
390
388
413
365
D
0.01094
0.02006
0.0
0.74469
0.05441
0.0
0.1699
V
390
N
391
389
414
366
D
0.711
0.0
0.0
0.13259
0.0
0.15641
V
391
N
392
390
415
367
D
0.03743
0.0
0.59171
0.11951
0.25135
V
392
N
391
416
368
D
0.27654
0.0
0.0
0.24229
0.02177
0.41881
0.04059
V
394
N
395
418
370
D
0.36191
0.0
0.02408
0.0626
0.12133
0.43008
V
395
N
396
394
419
371
D
0.16219
0.34135
0.0
0.03528
0.0
0.0
0.46118
V
396
N
397
395
420
372
D
0.6607
0.08274
0.0
0.02663
0.0
0.20586
0.02407
V
397
N
398
396
421
373
D
0.52372
0.26283
0.0
0.10995
0.0
0.0
0.1035
V
398
N
397
422
374
D
0.39612
0.0
0.0
0.5838
0.0
0.0
0.02008
V
411
N
412
387
D
0.25282
0.27994
0.14994
0.0
0.00542
0.0
0.31188
V
412
N
413
411
436
388
D
0.00647
0.26434
0.0
0.00337
0.60007
0.10717
0.01858
V
413
N
414
412
437
389
D
0.20505
0.0
0.0
0.0
0.07101
0.22034
0.5036
V
414
N
415
413
390
D
0.23724
0.02792
0.0
0.38295
0.06348
0.0054
0.28301
V
415
N
416
414
391
D
0.28675
0.09948
0.0
0.13326
0.08338
0.39713
V
416
N
415
392
D
0.03655
0.01382
0.47767
0.03493
0.00102
0.43601
V
418
N
419
394
D
0.00693
0.00418
0.37445
0.0
0.61444
V
419
N
420
418
395
D
0.05463
0.0
0.0
0.85661
0.08876
V
420
N
421
419
396
D
0.05719
0.01854
0.18943
0.0075
0.0169
0.0
0.71044
V
421
N
422
420
397
D
0.03947
0.48453
0.04106
0.26464
0.1703
V
422
N
421
398
D
0.44013
0.00224
0.0
0.0
0.12207
0.0
0.43556
V
436
N
437
412
D
0.10289
0.02308
0.0
0.00121
0.0
0.02539
0.84743
V
437
N
436
413
D
0.71773
0.09276
0.00456
0.0
0.18495
