i_120_4_13_FR_X
13
X
A
0
1
12
9
A
1
1
7
9
A
2
1
11
4
A
3
1
11
3
V
1
N
2
13
D
0.8822
0.1178
V
2
N
3
1
14
D
0.2375
0.0
0.0473
0.6595
V
3
N
4
2
15
D
0.2241
0.2701
0.0
0.0174
V
4
N
5
3
16
D
0.2136
0.0
V
5
N
6
4
17
D
0.3765
0.0
V
6
N
7
5
18
D
0.618
0.2754
0.0
V
7
N
8
6
19
D
0.5679
0.0
0.0973
0.2175
V
8
N
9
7
20
D
0.0112
0.0
V
9
N
10
8
21
D
0.5014
0.0
0.182
0.094
V
10
N
11
9
22
D
0.026
0.0
0.0253
0.6621
0.0343
0.191
V
11
N
12
10
23
D
0.4422
0.0
0.1055
V
12
N
11
24
D
0.2044
0.0692
0.0
0.0
0.221
V
13
N
14
25
1
D
0.0885
0.7804
0.1241
0.0
V
14
N
15
13
26
2
D
0.3245
0.0
0.1539
0.0
V
15
N
16
14
27
3
D
0.866
0.0442
0.0
0.0
V
16
N
17
15
28
4
D
0.1713
0.5053
0.2561
0.0673
V
17
N
18
16
29
5
D
0.0067
0.9812
0.0003
0.0039
0.0
V
18
N
19
17
30
6
D
0.0546
0.0
0.0
0.011
V
19
N
20
18
31
7
D
0.043
0.0
0.0511
0.1765
0.3479
V
20
N
21
19
32
8
D
0.2946
0.5368
0.0
V
21
N
22
20
33
9
D
0.1152
0.0
0.0
0.1642
V
22
N
23
21
34
10
D
0.0806
0.0
0.0
V
23
N
24
22
35
11
D
0.8421
0.135
0.0229
V
24
N
23
36
12
D
0.0717
0.0
0.0
V
25
N
26
37
13
D
0.3179
0.0
0.1007
0.2941
V
26
N
27
25
38
14
D
0.0897
0.0
0.0
0.3039
V
27
N
28
26
39
15
D
0.0384
0.0
0.0
0.0
V
28
N
29
27
40
16
D
0.0309
0.0
0.2703
0.6035
V
29
N
30
28
41
17
D
0.809
0.0
V
30
N
31
29
42
18
D
0.1084
0.0068
0.2512
0.0975
0.511
0.0251
V
31
N
32
30
43
19
D
0.048
0.1867
0.0558
0.4501
0.1363
0.0
V
32
N
33
31
44
20
D
0.1672
0.0
V
33
N
34
32
45
21
D
0.2475
0.4112
0.0
0.1107
0.0498
V
34
N
35
33
46
22
D
0.004
0.3986
0.0489
0.0
0.536
V
35
N
36
34
47
23
D
0.0321
0.1173
0.1606
0.0463
0.077
0.5667
V
36
N
35
48
24
D
0.8306
0.0
V
37
N
38
49
25
D
0.5889
0.0
V
38
N
39
37
50
26
D
0.1827
0.0
V
39
N
40
38
51
27
D
0.0324
0.0
0.0
0.0027
V
40
N
41
39
52
28
D
0.2839
0.0469
0.0146
0.0
0.0
V
41
N
42
40
53
29
D
0.0196
0.3108
0.0
0.0
V
42
N
43
41
54
30
D
0.0154
0.0004
0.0
0.5236
0.0
V
43
N
44
42
55
31
D
0.728
0.0
0.0
V
44
N
45
43
56
32
D
0.6528
0.0
0.3178
V
45
N
46
44
57
33
D
0.0002
0.0277
0.9408
0.0289
0.0002
0.0
V
46
N
47
45
58
34
D
0.1392
0.0
0.1257
0.0
V
47
N
48
46
59
35
D
0.8087
0.0
V
48
N
47
60
36
D
0.112
0.0
0.0
V
49
N
50
61
37
D
0.2735
0.0
V
50
N
51
49
62
38
D
0.0665
0.0
0.0
V
51
N
52
50
63
39
D
0.3073
0.0
0.0
V
52
N
53
51
64
40
D
0.0291
0.0
0.95
V
53
N
54
52
65
41
D
0.5035
0.0644
0.0981
0.2487
0.0605
0.0
V
54
N
55
53
66
42
D
0.4577
0.0118
0.0
0.0841
0.0891
V
55
N
56
54
67
43
D
0.4195
0.1937
0.2058
0.0552
0.0
V
56
N
57
55
68
44
D
0.13
0.0991
0.066
0.0
0.1233
V
57
N
58
56
69
45
D
0.1111
0.0155
0.4606
0.4128
V
58
N
59
57
70
46
D
0.1839
0.7288
0.0873
V
59
N
60
58
71
47
D
0.1298
0.0
V
60
N
59
72
48
D
0.2108
0.0
0.0
0.1268
V
61
N
62
73
49
D
0.272
0.0
0.0
0.0
V
62
N
63
61
74
50
D
0.182
0.1915
0.0
0.2059
0.0
V
63
N
64
62
75
51
D
0.0568
0.5784
0.0
0.2094
0.0246
0.0258
V
64
N
65
63
76
52
D
0.1519
0.0108
0.0
0.0
V
65
N
66
64
77
53
D
0.3015
0.4661
0.0579
0.0
V
66
N
67
65
78
54
D
0.0272
0.0
0.0383
0.0
V
67
N
68
66
79
55
D
0.3567
0.1742
0.4691
V
68
N
69
67
80
56
D
0.0436
0.5985
0.1308
0.0
0.0
V
69
N
70
68
81
57
D
0.3071
0.1317
0.2869
0.1905
0.0381
0.0
V
70
N
71
69
82
58
D
0.0179
0.0334
0.0
0.0
V
71
N
72
70
83
59
D
0.7977
0.0
V
72
N
71
84
60
D
0.5152
0.0
0.1912
0.2306
V
73
N
74
85
61
D
0.066
0.0
0.0183
0.0809
0.8179
V
74
N
75
73
86
62
D
0.0126
0.0022
0.0007
0.0004
0.0001
0.9666
0.0174
V
75
N
76
74
87
63
D
0.1311
0.0588
0.0222
0.0
0.031
0.0024
V
76
N
77
75
88
64
D
0.1098
0.1424
0.0
0.0
V
77
N
78
76
89
65
D
0.5753
0.0
0.0
0.0767
0.0366
V
78
N
79
77
90
66
D
0.9897
0.0103
V
79
N
80
78
91
67
D
0.0006
0.8459
0.0
0.0013
0.1129
V
80
N
81
79
92
68
D
0.4629
0.0
0.0
V
81
N
82
80
93
69
D
0.1841
0.6342
0.0847
0.0
V
82
N
83
81
94
70
D
0.7297
0.2703
V
83
N
84
82
95
71
D
0.3701
0.0
V
84
N
83
96
72
D
0.9065
0.0
0.0
0.0363
V
85
N
86
97
73
D
0.01
0.0192
0.0026
0.0
0.0893
V
86
N
87
85
98
74
D
0.9003
0.0
V
87
N
88
86
99
75
D
0.3669
0.0
0.0346
0.0345
0.0
V
88
N
89
87
100
76
D
0.171
0.722
0.0135
0.0
0.0
V
89
N
90
88
101
77
D
0.0483
0.0
0.0226
0.0
V
90
N
91
89
102
78
D
0.0615
0.2959
0.0
0.3511
V
91
N
92
90
103
79
D
0.1149
0.1087
0.2822
0.0
0.0438
V
92
N
93
91
104
80
D
0.7988
0.0
V
93
N
94
92
105
81
D
0.8155
0.0
V
94
N
95
93
106
82
D
0.523
0.0196
0.1096
0.2963
0.0515
V
95
N
96
94
107
83
D
0.7939
0.0
V
96
N
95
108
84
D
0.0734
0.0
V
97
N
98
109
85
D
0.0057
0.0005
0.1652
0.196
0.0911
0.5415
V
98
N
99
97
110
86
D
0.1535
0.0
0.0113
0.0
0.4537
V
99
N
100
98
111
87
D
0.8624
0.0
V
100
N
101
99
112
88
D
0.8259
0.0
0.0274
0.0
V
101
N
102
100
113
89
D
0.1851
0.1475
0.2848
0.0172
0.0568
0.3086
V
102
N
103
101
114
90
D
0.0782
0.0
0.0
0.0
V
103
N
104
102
115
91
D
0.403
0.5892
0.0
V
104
N
105
103
116
92
D
0.0032
0.0244
0.0
0.0009
0.0082
V
105
N
106
104
117
93
D
0.0593
0.4171
0.3854
0.0
V
106
N
107
105
118
94
D
0.0008
0.8967
0.0573
0.0385
0.0
V
107
N
108
106
119
95
D
0.4521
0.0109
0.0996
0.0
0.0612
0.3604
V
108
N
107
120
96
D
0.9805
0.0
V
109
N
110
97
D
0.0615
0.1055
0.0105
0.0
0.653
V
110
N
111
109
98
D
0.0005
0.0
0.0039
0.2566
0.0009
V
111
N
112
110
99
D
0.3167
0.0
V
112
N
113
111
100
D
0.5652
0.0687
0.2243
0.0763
0.0
0.0432
V
113
N
114
112
101
D
0.89
0.0
V
114
N
115
113
102
D
0.7291
0.0
V
115
N
116
114
103
D
0.2631
0.0
V
116
N
117
115
104
D
0.4274
0.0
V
117
N
118
116
105
D
0.8742
0.0222
0.0
0.0798
0.0211
V
118
N
119
117
106
D
0.0351
0.0405
0.0951
0.0
0.005
V
119
N
120
118
107
D
0.3175
0.5128
0.1697
V
120
N
119
108
D
0.371
0.0
