i_133_2_32_FR_orz704d
32
orz704d
A
0
30
18
3
A
1
30
25
3
V
30
N
31
51
D
0.65666
0.0
0.0
0.34334
V
31
N
30
52
D
0.30016
0.0
0.69984
V
33
N
34
54
D
0.81944
0.0
0.00468
0.0007
0.0
0.00917
0.16601
V
34
N
35
33
55
D
0.18581
0.0
0.0611
0.02067
0.47437
0.25805
V
35
N
36
34
56
D
0.30826
0.61018
0.0
0.0
0.0
0.08156
V
36
N
37
35
57
D
0.17826
0.0
0.0
0.00185
0.20763
0.3461
0.26616
V
37
N
38
36
D
0.18529
0.71566
0.01997
0.01586
0.04089
0.02233
V
38
N
39
37
59
D
0.33201
0.14168
0.0
0.24485
0.19948
0.0
0.08198
V
39
N
38
60
D
0.4352
0.0
0.00822
0.0
0.27586
0.0
0.28072
V
51
N
52
72
30
D
0.56013
0.0
0.0
0.0
0.0
0.0
0.43987
V
52
N
53
51
73
31
D
0.2502
0.07851
0.0
0.12297
0.0
0.0
0.54832
V
53
N
54
52
74
D
0.34636
0.0
0.61284
0.0
0.02759
0.01321
V
54
N
55
53
75
33
D
0.08463
0.22436
0.41484
0.0
0.01237
0.13432
0.12948
V
55
N
56
54
76
34
D
0.10484
0.83103
0.0
0.06413
V
56
N
57
55
77
35
D
0.54688
0.0
0.0
0.0
0.27908
0.17404
V
57
N
56
78
36
D
0.30342
0.07913
0.0
0.0
0.0
0.0
0.61745
V
59
N
60
80
38
D
0.6844
0.0
0.17041
0.02837
0.0
0.0
0.11682
V
60
N
59
81
39
D
0.73928
0.11198
0.08698
0.0
0.0
0.0
0.06176
V
72
N
73
93
51
D
0.13475
0.0
0.0
0.86525
V
73
N
74
72
94
52
D
0.12314
0.0
0.0
0.41575
0.0
0.0
0.46111
V
74
N
75
73
95
53
D
0.79304
0.20696
V
75
N
76
74
96
54
D
0.34543
0.15411
0.07346
0.0
0.0646
0.3624
V
76
N
77
75
97
55
D
0.02769
0.0
0.35553
0.00864
0.18538
0.0
0.42276
V
77
N
78
76
98
56
D
0.4046
0.0
0.0
0.12068
0.06601
0.30463
0.10408
V
78
N
77
99
57
D
0.04259
0.0
0.92194
0.0243
0.00458
0.00085
0.00574
V
80
N
81
101
59
D
0.01554
0.01318
0.24898
0.63747
0.03476
0.05007
V
81
N
82
80
102
60
D
0.79454
0.0
0.0
0.0
0.0
0.0
0.20546
V
82
N
81
103
D
0.25511
0.0
0.05187
0.05842
0.02648
0.60812
V
86
N
87
107
D
0.0305
0.6202
0.00529
0.31837
0.00763
0.01801
V
87
N
88
86
108
D
0.09721
0.0
0.06794
0.0
0.0
0.03699
0.79786
V
88
N
87
109
D
0.72398
0.06109
0.10775
0.0
0.0
0.01497
0.09221
V
90
N
91
111
D
0.18074
0.0
0.39726
0.07081
0.16559
0.00541
0.18019
V
91
N
92
90
112
D
0.00474
0.05898
0.0
0.00877
0.00268
0.0
0.92483
V
92
N
93
91
113
D
0.9032
0.01888
0.0
0.0
0.04746
0.03046
V
93
N
94
92
114
72
D
0.77784
0.13416
0.08778
0.0
0.00022
V
94
N
95
93
115
73
D
0.17253
0.21498
0.22003
0.0
0.0
0.39246
V
95
N
96
94
116
74
D
0.10236
0.00499
0.15751
0.0
0.64118
0.09396
V
96
N
97
95
117
75
D
0.44703
0.0
0.0
0.0
0.05539
0.0
0.49758
V
97
N
98
96
118
76
D
0.44398
0.46119
0.0
0.0
0.00239
0.09244
V
98
N
99
97
119
77
D
0.01066
0.0
0.19548
0.16635
0.02613
0.60138
V
99
N
100
98
120
78
D
0.00777
0.0
0.68924
0.0
0.0
0.0
0.30299
V
100
N
101
99
121
D
0.00072
0.13074
0.0
0.54833
0.0
0.27097
0.04924
V
101
N
102
100
122
80
D
0.37574
0.0
0.29094
0.02691
0.0
0.22726
0.07915
V
102
N
103
101
123
81
D
0.03294
0.04023
0.50073
0.19109
0.0
0.23501
V
103
N
104
102
124
82
D
0.12225
0.06496
0.50433
0.0
0.29105
0.0
0.01741
V
104
N
103
125
D
0.18218
0.0
0.20954
0.10556
0.40896
0.09376
V
107
N
108
128
86
D
0.17543
0.0
0.0
0.36861
0.27958
0.0
0.17638
V
108
N
109
107
129
87
D
0.16626
0.05888
0.24273
0.18189
0.34611
0.0
0.00413
V
109
N
110
108
130
88
D
0.93362
0.0
0.06638
V
110
N
111
109
131
D
0.00915
0.96634
0.0
0.00895
0.0
0.01556
V
111
N
112
110
132
90
D
0.12095
0.07439
0.31672
0.01571
0.0
0.0
0.47223
V
112
N
113
111
133
91
D
0.03018
0.07888
0.16033
0.66051
0.0
0.0701
V
113
N
114
112
134
92
D
0.05149
0.28311
0.0
0.0
0.58616
0.07924
V
114
N
115
113
135
93
D
0.5009
0.24355
0.0
0.00991
0.0
0.0
0.24564
V
115
N
116
114
136
94
D
0.58419
0.0
0.41581
V
116
N
117
115
137
95
D
0.09869
0.01876
0.3604
0.0
0.0
0.52215
V
117
N
118
116
138
96
D
0.03774
0.02616
0.05181
0.0
0.81119
0.0
0.0731
V
118
N
119
117
139
97
D
0.18573
0.0
0.0
0.16314
0.164
0.0
0.48713
V
119
N
120
118
140
98
D
0.34314
0.00769
0.00471
0.09643
0.54768
0.00035
V
120
N
121
119
141
99
D
0.82342
0.0
0.0
0.0
0.17658
V
121
N
122
120
142
100
D
0.46909
0.0
0.23502
0.0
0.29589
V
122
N
123
121
101
D
0.49122
0.0
0.0681
0.0
0.0
0.0
0.44068
V
123
N
124
122
102
D
0.64879
0.0
0.12256
0.0
0.0
0.22865
V
124
N
125
123
145
103
D
0.07671
0.0
0.01052
0.05218
0.77016
0.09043
V
125
N
124
146
104
D
0.94191
0.0
0.0
0.05809
V
127
N
128
D
0.05881
0.0
0.0
0.0
0.01134
0.90995
0.0199
V
128
N
129
127
149
107
D
0.6475
0.0
0.3525
V
129
N
130
128
150
108
D
0.44242
0.0
0.0
0.0738
0.00353
0.0135
0.46675
V
130
N
131
129
151
109
D
0.56355
0.0
0.0
0.43645
V
131
N
132
130
152
110
D
0.60094
0.0
0.0
0.39906
V
132
N
133
131
153
111
D
0.51684
0.48316
V
133
N
134
132
154
112
D
0.64748
0.0
0.06155
0.0
0.0
0.0
0.29097
V
134
N
135
133
155
113
D
0.24593
0.0
0.74874
0.0
0.00533
V
135
N
136
134
156
114
D
0.211
0.65024
0.13876
V
136
N
137
135
157
115
D
0.03788
0.02846
0.04946
0.24286
0.0
0.02715
0.61419
V
137
N
138
136
158
116
D
0.93723
0.0
0.0
0.06277
V
138
N
139
137
159
117
D
0.05717
0.0
0.02749
0.0
0.00282
0.04283
0.86969
V
139
N
140
138
160
118
D
0.99238
0.0
0.0
0.0
0.0
0.0
0.00762
V
140
N
141
139
161
119
D
0.5942
0.0
0.0
0.4058
V
141
N
142
140
162
120
D
0.51596
0.0
0.11281
0.37123
V
142
N
141
163
121
D
0.33416
0.0
0.0
0.0
0.0
0.66584
V
145
N
146
166
124
D
0.53624
0.0
0.01175
0.00069
0.0
0.45127
5e-05
V
146
N
145
167
125
D
0.05889
0.0
0.0
0.58252
0.0
0.0
0.35859
V
149
N
150
128
D
0.02871
0.00296
0.0
0.0
0.0
0.25032
0.71801
V
150
N
151
149
129
D
0.36396
0.39725
0.0
0.04836
0.19043
V
151
N
152
150
130
D
0.4771
0.22607
0.0
0.0
0.0
0.29683
V
152
N
153
151
131
D
0.07938
0.0
0.0
0.01506
0.85837
0.0
0.04719
V
153
N
154
152
132
D
0.12982
0.03246
0.0
0.03204
0.00136
0.00311
0.80121
V
154
N
155
153
133
D
0.01237
0.0
0.05778
0.25148
0.03957
0.6388
V
155
N
156
154
176
134
D
0.07855
0.0
0.0
0.92145
V
156
N
157
155
177
135
D
0.02529
0.95003
0.0
0.0
0.0
0.02468
V
157
N
158
156
178
136
D
0.36159
0.0
0.63841
V
158
N
159
157
179
137
D
0.04752
0.0
0.51028
0.42582
0.0
0.01638
V
159
N
160
158
180
138
D
0.77063
0.0
0.0
0.22937
V
160
N
161
159
181
139
D
0.32931
0.00332
0.02238
0.0
0.00394
0.59417
0.04688
V
161
N
162
160
182
140
D
0.57912
0.0
0.11605
0.0
0.30483
V
162
N
163
161
183
141
D
0.17241
0.0
0.0
0.0
0.65129
0.11107
0.06523
V
163
N
164
162
142
D
0.28421
0.0209
0.32761
0.0
0.0
0.36728
V
164
N
165
163
185
D
0.58519
0.0
0.41481
V
165
N
166
164
186
D
0.7916
0.0
0.0
0.20137
0.00703
V
166
N
167
165
187
145
D
0.05486
0.94514
V
167
N
166
146
D
0.00757
0.0
0.0
0.0
0.0343
0.48644
0.47169
V
176
N
177
197
155
D
0.4501
0.0
0.0
0.23217
0.0
0.28093
0.0368
V
177
N
178
176
198
156
D
0.15409
0.0
0.0
0.01091
0.13018
0.19644
0.50838
V
178
N
179
177
199
157
D
0.57118
0.0
0.25015
0.16946
0.0
0.0
0.00921
V
179
N
180
178
200
158
D
0.06995
0.83879
0.0408
0.0
0.00249
0.0
0.04797
V
180
N
181
179
201
159
D
0.66376
0.0
0.0
0.10473
0.23151
V
181
N
182
180
202
160
D
0.32807
0.20686
0.39104
0.07403
V
182
N
183
181
203
161
D
0.80574
0.08803
0.0
0.0
0.0
0.10623
V
183
N
182
204
162
D
0.11369
0.1214
0.0
0.0
0.71977
0.04514
V
185
N
186
206
164
D
0.42706
0.0
0.0
0.0
0.0
0.11551
0.45743
V
186
N
187
185
207
165
D
0.05617
0.0
0.00926
0.0
0.02341
0.63106
0.2801
V
187
N
186
166
D
0.0041
0.66618
0.26794
0.0
0.04352
0.01826
V
197
N
198
176
D
0.54448
0.34597
0.0
0.0
0.0
0.0
0.10955
V
198
N
199
197
219
177
D
0.46624
0.0
0.53376
V
199
N
200
198
220
178
D
0.18352
0.54252
0.0
0.14077
0.13319
V
200
N
201
199
221
179
D
0.12097
0.0
0.0
0.0
0.64502
0.0
0.23401
V
201
N
202
200
222
180
D
0.00068
0.0
0.00067
0.00283
8e-05
0.99498
0.00076
V
202
N
203
201
223
181
D
0.00744
0.88822
0.06187
0.01029
0.03218
V
203
N
204
202
224
182
D
0.04237
0.0
0.0
0.03675
0.0
0.05727
0.86361
V
204
N
203
225
183
D
0.34084
0.53448
0.00055
0.0
0.11937
0.00404
0.00072
V
206
N
207
227
185
D
0.95761
0.0
0.0
0.0
0.04239
V
207
N
206
228
186
D
0.2367
0.0
0.0
0.0
0.73101
0.0
0.03229
V
219
N
220
198
D
0.44955
0.0
0.0
0.0
0.0
0.55045
V
220
N
221
219
199
D
0.08353
0.37553
0.0
0.38836
0.0
0.1352
0.01738
V
221
N
222
220
200
D
0.47161
0.0343
0.42087
0.0
0.07322
V
222
N
223
221
201
D
0.09601
0.0
0.0
0.58322
0.03018
0.29059
V
223
N
224
222
202
D
0.14989
0.0
0.0
0.0
0.36617
0.0
0.48394
V
224
N
225
223
203
D
0.28384
0.63414
0.0
0.08202
V
225
N
226
224
204
D
0.69956
0.0
0.30044
V
226
N
227
225
D
0.08541
0.05032
0.79095
0.0
0.05395
0.01937
V
227
N
228
226
206
D
0.15883
0.0
0.02327
0.38026
0.37827
0.05809
0.00128
V
228
N
227
207
D
0.10851
0.0
0.467
0.0
0.0
0.00417
0.42032
