i_132_4_25_FR_X
25
X
A
0
1
15
3
A
1
1
24
14
A
2
1
16
23
A
3
1
17
20
V
1
N
2
13
D
0.3996
0.0
V
2
N
3
1
14
D
0.0042
0.002
0.991
0.0
0.0
V
3
N
4
2
15
D
0.0994
0.1305
0.5602
0.0877
0.0064
0.0
V
4
N
5
3
16
D
0.07
0.3626
0.246
0.0
V
5
N
6
4
17
D
0.2292
0.0
0.7471
V
6
N
7
5
18
D
0.4556
0.0
V
7
N
8
6
19
D
0.0801
0.1975
0.1991
0.0332
0.4901
V
8
N
9
7
20
D
0.2323
0.0
0.0
0.0
V
9
N
10
8
21
D
0.0479
0.013
0.0074
0.0018
0.001
0.9289
V
10
N
11
9
22
D
0.7889
0.0
0.0009
0.0636
0.0455
V
11
N
12
10
23
D
0.1539
0.1691
0.677
V
12
N
11
24
D
0.0203
0.1271
0.0
0.0055
0.2691
V
13
N
14
25
1
D
0.0225
0.0022
0.0
0.5049
0.0012
V
14
N
15
13
26
2
D
0.2231
0.0983
0.2234
0.0
0.2595
V
15
N
16
14
27
3
D
0.4731
0.0
V
16
N
17
15
28
4
D
0.1123
0.0
0.0
V
17
N
18
16
29
5
D
0.0339
0.1876
0.3303
0.0
V
18
N
19
17
30
6
D
0.1802
0.1038
0.0
V
19
N
20
18
31
7
D
0.2494
0.0
0.033
0.0
V
20
N
21
19
32
8
D
0.7192
0.0
0.0
V
21
N
22
20
33
9
D
0.0021
0.0045
0.0
0.0164
0.023
0.1599
V
22
N
23
21
34
10
D
0.0824
0.0
0.7691
0.0074
V
23
N
24
22
35
11
D
0.9014
0.0
V
24
N
23
36
12
D
0.3011
0.0
0.2733
0.0
V
25
N
26
37
13
D
0.0112
0.0987
0.0
0.1341
V
26
N
27
25
38
14
D
0.4267
0.0
0.0718
0.4268
V
27
N
28
26
39
15
D
0.0303
0.0
0.0
V
28
N
29
27
40
16
D
0.001
0.0
0.0
0.7592
0.0016
V
29
N
30
28
41
17
D
0.2433
0.1972
0.0
0.0
V
30
N
31
29
42
18
D
0.1681
0.0657
0.0
0.0
V
31
N
32
30
43
19
D
0.8541
0.0
0.1406
V
32
N
33
31
44
20
D
0.0438
0.0097
0.0
0.2374
V
33
N
34
32
45
21
D
0.0278
0.0
0.0
V
34
N
35
33
46
22
D
0.8847
0.0
0.0
V
35
N
36
34
47
23
D
0.0296
0.6412
0.0068
0.0133
0.2055
0.1036
V
36
N
35
48
24
D
0.0075
0.0025
0.0082
0.0004
0.0
0.0314
V
37
N
38
49
25
D
0.0065
0.0521
0.0009
0.4749
0.4551
0.0103
0.0002
V
38
N
39
37
50
26
D
0.0296
0.134
0.0
0.2017
0.4874
V
39
N
40
38
51
27
D
0.2791
0.016
0.0615
0.267
0.33
0.0464
V
40
N
41
39
52
28
D
0.0467
0.0
0.0
0.3734
V
41
N
42
40
53
29
D
0.7632
0.0
0.2208
V
42
N
43
41
54
30
D
0.0028
0.0
0.7771
0.0
V
43
N
44
42
55
31
D
0.5962
0.0
V
44
N
45
43
56
32
D
0.3001
0.4004
0.0
0.2732
V
45
N
46
44
57
33
D
0.3905
0.0
0.0196
0.0
V
46
N
47
45
58
34
D
0.0741
0.0
0.5357
V
47
N
48
46
59
35
D
0.7044
0.0
0.0
V
48
N
47
60
36
D
0.0234
0.0859
0.0474
0.3104
0.0
V
49
N
50
61
37
D
0.0011
0.6947
0.0436
0.0
V
50
N
51
49
62
38
D
0.0523
0.0123
0.0
0.1776
0.0168
0.1333
V
51
N
52
50
63
39
D
0.5694
0.4306
V
52
N
53
51
64
40
D
0.2854
0.5537
0.0
0.0525
V
53
N
54
52
65
41
D
0.0214
0.0
0.0
0.0309
V
54
N
55
53
66
42
D
0.4335
0.1081
0.2732
0.0
0.0086
V
55
N
56
54
67
43
D
0.3685
0.0
0.0
V
56
N
57
55
68
44
D
0.0003
0.0
0.0082
0.9309
0.0132
0.0341
V
57
N
58
56
69
45
D
0.0326
0.0386
0.2265
0.0
0.3329
V
58
N
59
57
70
46
D
0.0963
0.0
0.3275
0.0237
0.2919
0.0217
V
59
N
60
58
71
47
D
0.796
0.0
V
60
N
59
72
48
D
0.6379
0.0
V
61
N
62
73
49
D
0.9262
0.0738
V
62
N
63
61
74
50
D
0.813
0.0511
0.0
0.0208
0.1115
V
63
N
64
62
75
51
D
0.296
0.0
0.0
0.0652
V
64
N
65
63
76
52
D
0.3376
0.0
0.1638
V
65
N
66
64
77
53
D
0.2415
0.0
0.0
0.0
V
66
N
67
65
78
54
D
0.5047
0.0229
0.0
0.0
0.2094
V
67
N
68
66
79
55
D
0.2159
0.0
0.0
V
68
N
69
67
80
56
D
0.2104
0.0
0.0
0.0
V
69
N
70
68
81
57
D
0.7272
0.0
0.0
0.1313
V
70
N
71
69
82
58
D
0.0001
0.0
0.028
0.5192
0.0013
0.4511
V
71
N
72
70
83
59
D
0.01
0.1216
0.0
0.8674
V
72
N
71
84
60
D
0.4071
0.0791
0.4384
0.0022
0.0732
V
73
N
74
85
61
D
0.0677
0.0
V
74
N
75
73
86
62
D
0.2329
0.6836
0.002
0.0
0.0259
V
75
N
76
74
87
63
D
0.2095
0.0
V
76
N
77
75
88
64
D
0.0871
0.0
0.233
0.1654
0.5126
V
77
N
78
76
89
65
D
0.0353
0.0
0.1734
0.0021
V
78
N
79
77
90
66
D
0.2102
0.044
0.3423
0.0
V
79
N
80
78
91
67
D
0.0247
0.006
0.4104
0.0
0.0
V
80
N
81
79
92
68
D
0.0762
0.0
0.0041
0.0
V
81
N
82
80
93
69
D
0.0467
0.0
0.0058
0.3482
V
82
N
83
81
94
70
D
0.0048
0.0472
0.0
0.4343
0.0944
V
83
N
84
82
95
71
D
0.0002
0.0728
0.0
0.6569
0.0
V
84
N
83
96
72
D
0.0048
0.4269
0.0032
0.0081
0.557
V
85
N
86
97
73
D
0.1051
0.0029
0.0
0.0017
0.8785
0.0097
V
86
N
87
85
98
74
D
0.0212
0.0
0.0
V
87
N
88
86
99
75
D
0.0515
0.1693
0.3827
0.0
0.0017
0.3015
V
88
N
89
87
100
76
D
0.0675
0.261
0.1937
0.0814
0.0
V
89
N
90
88
101
77
D
0.2256
0.0111
0.0
0.0
V
90
N
91
89
102
78
D
0.5282
0.0
0.2751
0.0552
V
91
N
92
90
103
79
D
0.1982
0.0
0.1233
0.5596
0.0442
V
92
N
93
91
104
80
D
0.6428
0.0
V
93
N
94
92
105
81
D
0.4234
0.0
V
94
N
95
93
106
82
D
0.4169
0.0
0.0379
0.0
V
95
N
96
94
107
83
D
0.6584
0.0068
0.0
0.1562
V
96
N
95
108
84
D
0.23
0.2224
0.0
V
97
N
98
109
85
D
0.0147
0.0
0.1679
0.7609
0.0235
V
98
N
99
97
110
86
D
0.0795
0.0
0.7542
0.1156
0.0218
V
99
N
100
98
111
87
D
0.0044
0.0371
0.1256
0.0
0.03
0.1416
V
100
N
101
99
112
88
D
0.938
0.0
0.0455
V
101
N
102
100
113
89
D
0.7285
0.2314
0.0
V
102
N
103
101
114
90
D
0.9797
0.0
V
103
N
104
102
115
91
D
0.3318
0.0164
0.4671
0.0
0.1839
V
104
N
105
103
116
92
D
0.8388
0.0
V
105
N
106
104
117
93
D
0.2157
0.7843
V
106
N
107
105
118
94
D
0.0056
0.0
0.7625
0.0045
V
107
N
108
106
119
95
D
0.1072
0.0655
0.7414
0.0235
0.0
0.0104
V
108
N
107
120
96
D
0.4755
0.0322
0.0
0.0
V
109
N
110
121
97
D
0.0273
0.0
0.0
0.2238
0.413
V
110
N
111
109
122
98
D
0.0301
0.0
0.3888
0.0
V
111
N
112
110
123
99
D
0.3674
0.0685
0.0
0.0
V
112
N
113
111
124
100
D
0.3458
0.6542
V
113
N
114
112
125
101
D
0.0195
0.7807
0.0
V
114
N
115
113
126
102
D
0.2227
0.1157
0.0898
0.0
V
115
N
116
114
127
103
D
0.7072
0.0
V
116
N
117
115
128
104
D
0.4576
0.0
0.0
0.0709
V
117
N
118
116
129
105
D
0.1442
0.0
V
118
N
119
117
130
106
D
0.856
0.0777
0.0
V
119
N
120
118
131
107
D
0.0
0.0048
0.0001
0.2589
0.7362
0.0
0.0
V
120
N
119
132
108
D
0.9729
0.0143
0.0
0.0
V
121
N
122
109
D
0.5748
0.0
V
122
N
123
121
110
D
0.0001
0.0868
0.0189
0.7551
0.0094
0.0009
0.1288
V
123
N
124
122
111
D
0.0433
0.3992
0.0
V
124
N
125
123
112
D
0.69
0.0
0.0
0.1031
V
125
N
126
124
113
D
0.3984
0.6016
V
126
N
127
125
114
D
0.0565
0.0578
0.5282
0.0
0.0
V
127
N
128
126
115
D
0.0435
0.0
0.0324
0.5644
0.1291
0.2298
V
128
N
129
127
116
D
0.6898
0.146
0.1373
0.0217
0.0
V
129
N
130
128
117
D
0.2392
0.7608
V
130
N
131
129
118
D
0.0095
0.9102
0.0
0.0
V
131
N
132
130
119
D
0.2251
0.5621
0.0
0.0984
0.0527
V
132
N
131
120
D
0.0612
0.0
0.0788
