i_144_4_10_FR_X
10
X
A
0
1
6
5
A
1
1
5
5
A
2
1
8
3
A
3
1
6
6
V
1
N
2
13
D
0.3043
0.6957
V
2
N
3
1
14
D
0.1397
0.1206
0.0021
0.7372
0.0
V
3
N
4
2
15
D
0.7551
0.0
V
4
N
5
3
16
D
0.6815
0.0001
0.0426
0.0
0.2757
0.0001
V
5
N
6
4
17
D
0.189
0.2127
0.0
0.1497
0.0988
0.2042
V
6
N
7
5
18
D
0.4304
0.0
0.0
V
7
N
8
6
19
D
0.0077
0.0317
0.5791
0.2651
0.1141
0.0023
V
8
N
9
7
20
D
0.1477
0.1731
0.2769
0.0
0.1942
0.107
V
9
N
10
8
21
D
0.9357
0.0
V
10
N
11
9
22
D
0.5558
0.1093
0.2433
0.0
V
11
N
12
10
23
D
0.0802
0.2316
0.0
0.0013
0.0
V
12
N
11
24
D
0.9413
0.0
V
13
N
14
25
1
D
0.0311
0.7384
0.0
0.0072
0.1816
V
14
N
15
13
26
2
D
0.0701
0.0344
0.5226
0.0005
0.0
0.1349
V
15
N
16
14
27
3
D
0.91
0.0
0.0333
V
16
N
17
15
28
4
D
0.9279
0.0
V
17
N
18
16
29
5
D
0.0004
0.3955
0.0
0.0
V
18
N
19
17
30
6
D
0.0112
0.0077
0.9678
0.0112
0.0021
V
19
N
20
18
31
7
D
0.0894
0.0
0.0
V
20
N
21
19
32
8
D
0.3926
0.0611
0.0139
0.0
V
21
N
22
20
33
9
D
0.0073
0.0
0.0388
0.7902
0.0016
V
22
N
23
21
34
10
D
0.3007
0.0867
0.2999
0.0
0.0611
V
23
N
24
22
35
11
D
0.4897
0.0
0.0
V
24
N
23
36
12
D
0.3633
0.0
V
25
N
26
37
13
D
0.2573
0.0
0.3086
0.0
V
26
N
27
25
38
14
D
0.4479
0.5395
0.0
V
27
N
28
26
39
15
D
0.3155
0.0
0.0
V
28
N
29
27
40
16
D
0.0839
0.3741
0.0
V
29
N
30
28
41
17
D
0.0053
0.0
0.0
0.0005
0.0058
V
30
N
31
29
42
18
D
0.6952
0.0
0.0
V
31
N
32
30
43
19
D
0.5515
0.0614
0.0
V
32
N
33
31
44
20
D
0.7306
0.0397
0.1187
0.0
V
33
N
34
32
45
21
D
0.4446
0.0
0.4492
V
34
N
35
33
46
22
D
0.3676
0.4683
0.0
0.0
V
35
N
36
34
47
23
D
0.4929
0.0
V
36
N
35
48
24
D
0.3343
0.4942
0.0
V
37
N
38
49
25
D
0.011
0.0
0.8665
0.0139
V
38
N
39
37
50
26
D
0.9446
0.0
V
39
N
40
38
51
27
D
0.0922
0.0
0.0
V
40
N
41
39
52
28
D
0.0884
0.1515
0.0
V
41
N
42
40
53
29
D
0.3614
0.4268
0.0185
0.1767
0.0
V
42
N
43
41
54
30
D
0.663
0.0423
0.254
0.0
V
43
N
44
42
55
31
D
0.1791
0.0
0.0
V
44
N
45
43
56
32
D
0.0734
0.0771
0.3602
0.0
V
45
N
46
44
57
33
D
0.4943
0.3071
0.0
V
46
N
47
45
58
34
D
0.0203
0.0803
0.0
0.0137
0.4271
0.1141
V
47
N
48
46
59
35
D
0.7292
0.0
V
48
N
47
60
36
D
0.6488
0.0
0.3333
V
49
N
50
61
37
D
0.3051
0.1391
0.1711
0.0
0.2949
V
50
N
51
49
62
38
D
0.6902
0.3098
V
51
N
52
50
63
39
D
0.0175
0.0
0.0958
V
52
N
53
51
64
40
D
0.0177
0.8497
0.0
0.1159
0.016
V
53
N
54
52
65
41
D
0.0614
0.0962
0.6587
0.0
0.0
V
54
N
55
53
66
42
D
0.2308
0.185
0.0
0.4996
V
55
N
56
54
67
43
D
0.4663
0.0
0.0
0.0
V
56
N
57
55
68
44
D
0.4989
0.0
V
57
N
58
56
69
45
D
0.0339
0.0
0.0402
0.0244
0.0
V
58
N
59
57
70
46
D
0.5455
0.0
0.0
V
59
N
60
58
71
47
D
0.8432
0.1568
V
60
N
59
72
48
D
0.0911
0.0
0.8324
V
61
N
62
73
49
D
0.2934
0.0
0.0
0.0
V
62
N
63
61
74
50
D
0.492
0.0
V
63
N
64
62
75
51
D
0.8159
0.0
V
64
N
65
63
76
52
D
0.4387
0.0057
0.3028
0.0
0.0
V
65
N
66
64
77
53
D
0.17
0.0
V
66
N
67
65
78
54
D
0.0002
0.4663
0.0001
0.0506
0.0
0.482
V
67
N
68
66
79
55
D
0.0701
0.0
0.1904
0.0009
0.7033
V
68
N
69
67
80
56
D
0.4321
0.0
V
69
N
70
68
81
57
D
0.095
0.1291
0.0
0.0
0.1076
V
70
N
71
69
82
58
D
0.7785
0.1024
0.0
0.0
V
71
N
72
70
83
59
D
0.0489
0.5855
0.3506
0.015
V
72
N
71
84
60
D
0.4661
0.0
0.0
V
73
N
74
85
61
D
0.0655
0.0
0.0
0.0873
0.4522
V
74
N
75
73
86
62
D
0.0133
0.0
0.0
0.6456
V
75
N
76
74
87
63
D
0.0526
0.011
0.2849
0.5833
0.0
V
76
N
77
75
88
64
D
0.3497
0.1711
0.3919
0.0873
V
77
N
78
76
89
65
D
0.5261
0.0
V
78
N
79
77
90
66
D
0.0002
0.0006
0.6623
0.0
0.0909
V
79
N
80
78
91
67
D
0.0045
0.5256
0.0187
0.0193
0.4319
V
80
N
81
79
92
68
D
0.0939
0.0
V
81
N
82
80
93
69
D
0.4019
0.575
0.0007
0.0
V
82
N
83
81
94
70
D
0.0659
0.0
0.0
V
83
N
84
82
95
71
D
0.203
0.0248
0.0999
0.3376
0.3342
0.0004
0.0001
V
84
N
83
96
72
D
0.0697
0.349
0.0
0.0
V
85
N
86
97
73
D
0.0539
0.0
0.0
0.8252
V
86
N
87
85
98
74
D
0.0127
0.5241
0.0
0.2997
0.1146
V
87
N
88
86
99
75
D
0.0204
0.035
0.0
0.8602
0.0
V
88
N
89
87
100
76
D
0.0079
0.0
0.0079
0.0098
0.001
V
89
N
90
88
101
77
D
0.0306
0.2601
0.1526
0.3162
0.0
V
90
N
91
89
102
78
D
0.0626
0.5971
0.3288
0.0
V
91
N
92
90
103
79
D
0.0095
0.0
0.988
V
92
N
93
91
104
80
D
0.9532
0.0468
V
93
N
94
92
105
81
D
0.0046
0.6359
0.0
0.3344
0.0017
0.0006
V
94
N
95
93
106
82
D
0.3769
0.0
0.0701
0.0102
0.2284
0.2308
V
95
N
96
94
107
83
D
0.0044
0.0481
0.0055
0.0
0.2148
0.4326
V
96
N
95
108
84
D
0.4362
0.5255
0.0
V
97
N
98
109
85
D
0.0014
0.0001
0.0009
0.0635
0.9334
0.0
V
98
N
99
97
110
86
D
0.6356
0.0
V
99
N
100
98
111
87
D
0.1753
0.0
0.0
V
100
N
101
99
112
88
D
0.9926
0.0
V
101
N
102
100
113
89
D
0.8334
0.0
V
102
N
103
101
114
90
D
0.2897
0.4856
0.0
0.0
0.0884
V
103
N
104
102
115
91
D
0.5102
0.0955
0.0
0.0609
V
104
N
105
103
116
92
D
0.0049
0.0
0.0883
0.0
V
105
N
106
104
117
93
D
0.3444
0.0
0.0
0.0
V
106
N
107
105
118
94
D
0.1587
0.0
0.0045
0.0361
0.0223
V
107
N
108
106
119
95
D
0.4101
0.3131
0.0
V
108
N
107
120
96
D
0.0131
0.0024
0.0416
0.4011
0.5371
0.0047
V
109
N
110
121
97
D
0.035
0.0
0.8933
0.0005
0.0
V
110
N
111
109
122
98
D
0.0831
0.0
0.0
V
111
N
112
110
123
99
D
0.0331
0.0
0.0
V
112
N
113
111
124
100
D
0.1143
0.0458
0.1584
0.6087
0.0728
V
113
N
114
112
125
101
D
0.2052
0.5775
0.0
V
114
N
115
113
126
102
D
0.262
0.0
V
115
N
116
114
127
103
D
0.3607
0.0
V
116
N
117
115
128
104
D
0.0468
0.0
0.0
V
117
N
118
116
129
105
D
0.092
0.0
0.0402
0.6472
0.1692
V
118
N
119
117
130
106
D
0.0272
0.0024
0.0
0.0
0.2233
V
119
N
120
118
131
107
D
0.7554
0.0
V
120
N
119
132
108
D
0.0366
0.0622
0.1547
0.1921
0.0298
0.4827
0.0419
V
121
N
122
133
109
D
0.2487
0.0
0.0
V
122
N
123
121
134
110
D
0.1708
0.0
V
123
N
124
122
135
111
D
0.154
0.7682
0.0
V
124
N
125
123
136
112
D
0.2196
0.4999
0.0
0.0
V
125
N
126
124
137
113
D
0.0205
0.1762
0.0285
0.5008
0.0
0.1987
V
126
N
127
125
138
114
D
0.0319
0.0
0.0181
0.8515
0.0
V
127
N
128
126
139
115
D
0.5582
0.0
V
128
N
129
127
140
116
D
0.122
0.0396
0.0
0.1169
0.0676
0.0195
V
129
N
130
128
141
117
D
0.4951
0.5049
V
130
N
131
129
142
118
D
0.0116
0.0
0.0
V
131
N
132
130
143
119
D
0.1843
0.0
0.06
V
132
N
131
144
120
D
0.0147
0.0804
0.0
0.0
V
133
N
134
121
D
0.1739
0.0
0.0
V
134
N
135
133
122
D
0.0
0.0001
0.0
0.9683
0.0005
0.0009
V
135
N
136
134
123
D
0.004
0.0078
0.0043
0.0
0.0039
V
136
N
137
135
124
D
0.7528
0.0
0.0
0.0003
V
137
N
138
136
125
D
0.0482
0.0
V
138
N
139
137
126
D
0.2352
0.0
0.5101
V
139
N
140
138
127
D
0.0015
0.7623
0.1359
0.0018
0.0
0.0824
V
140
N
141
139
128
D
0.8973
0.0144
0.0
0.0024
0.0062
0.0002
V
141
N
142
140
129
D
0.9377
0.0
0.0599
0.0018
V
142
N
143
141
130
D
0.0647
0.0
0.0
V
143
N
144
142
131
D
0.1161
0.7454
0.0
V
144
N
143
132
D
0.2454
0.0
0.0
