i_144_3_42_FR_den203d
42
den203d
A
0
8
25
24
A
1
8
22
36
A
2
8
35
13
V
8
N
31
D
0.01212
0.04703
0.01746
0.5548
0.00542
0.05373
0.30944
V
30
N
31
53
D
0.24056
0.0
0.00828
0.0
0.06564
0.3636
0.32192
V
31
N
32
30
54
8
D
0.3948
0.0
0.01668
0.57542
0.0131
V
32
N
31
55
D
0.6807
0.12262
0.0
0.0
0.10121
0.09547
V
53
N
54
30
D
0.05947
0.0
0.50673
0.0
0.0
0.0
0.4338
V
54
N
55
53
77
31
D
0.35902
0.0
0.0
0.0
0.07945
0.44212
0.11941
V
55
N
54
78
32
D
0.11535
0.0
0.72651
0.0
0.00146
0.15668
V
77
N
78
100
54
D
0.1637
0.70553
0.0
0.0
0.13077
V
78
N
77
55
D
0.91105
0.0
0.0
0.08895
V
85
N
86
108
D
0.34709
0.07139
0.51895
0.0
0.00203
0.0
0.06054
V
86
N
87
85
D
0.02412
0.34896
0.00083
0.0
0.05446
0.07295
0.49868
V
87
N
88
86
110
D
0.02309
0.16096
0.0
0.2944
0.13053
0.04675
0.34427
V
88
N
89
87
D
0.53565
0.0
0.0
0.15406
0.0
0.0
0.31029
V
89
N
90
88
D
0.07768
0.0
0.02933
0.0
0.0
0.0
0.89299
V
90
N
91
89
D
0.78601
0.0376
0.0
0.17639
V
91
N
92
90
D
0.50731
0.0
0.0
0.0
0.49269
V
92
N
91
D
0.36178
0.0
0.0
0.37587
0.0
0.0
0.26235
V
100
N
123
77
D
0.1452
0.0
0.01285
0.01374
0.42151
0.0
0.4067
V
108
N
131
85
D
0.23766
0.0
0.70002
0.0
0.01213
0.0
0.05019
V
110
N
133
87
D
0.20061
0.0
0.70224
0.0
0.0
0.09715
V
117
N
118
140
D
0.40829
0.0116
0.37453
0.04249
0.0
0.06366
0.09943
V
118
N
117
D
0.03404
0.0
0.01352
0.93321
0.01497
0.00426
V
120
N
121
D
0.93528
0.06472
V
121
N
120
144
D
0.68018
0.0
0.0
0.0
0.09968
0.1281
0.09204
V
123
N
146
100
D
0.9059
0.0
0.0
0.0
0.0
0.0
0.0941
V
125
N
126
148
D
0.00195
0.56393
0.0
0.03811
0.11442
0.28159
V
126
N
125
149
D
0.06514
0.92951
0.0
0.00535
V
129
N
152
D
0.03492
0.0
0.59056
0.0
0.0
0.012
0.36252
V
131
N
154
108
D
0.15234
0.68767
0.0
0.03846
0.0
0.03326
0.08827
V
133
N
134
156
110
D
0.00119
0.12092
0.0
0.87789
V
134
N
133
157
D
0.57235
0.0
0.0
0.0
0.0
0.0
0.42765
V
136
N
137
159
D
0.40759
0.39831
0.04686
0.00527
0.05412
0.0
0.08785
V
137
N
136
160
D
0.01109
0.0
0.11901
0.0
0.66931
0.0
0.20059
V
140
N
163
117
D
0.60916
0.35019
0.0
0.0
0.0
0.0
0.04065
V
142
N
165
D
0.08746
0.18035
0.0
0.00951
0.0
0.71941
0.00327
V
144
N
167
121
D
0.80108
0.0
0.0
0.0
0.0
0.19892
V
146
N
169
123
D
0.27768
0.0
0.0
0.58053
0.12826
0.01353
V
148
N
149
125
D
0.45617
0.0
2e-05
0.05074
0.20995
0.28312
V
149
N
150
148
172
126
D
0.00011
0.0
0.03078
0.02052
0.69273
0.25586
V
150
N
151
149
173
D
0.037
0.77856
0.0
0.04405
0.07733
0.06306
V
151
N
152
150
174
D
0.19021
0.29805
0.0
0.09738
0.0
0.24307
0.17129
V
152
N
151
175
129
D
0.48701
0.0
0.0
0.0
0.50096
0.0
0.01203
V
154
N
177
131
D
0.33814
0.06226
0.0
0.5996
V
156
N
157
179
133
D
0.25012
0.0
0.0
0.73679
0.01309
V
157
N
158
156
180
134
D
0.49642
0.47213
0.03145
V
158
N
159
157
D
0.87853
0.0
0.0
0.0
0.12147
V
159
N
160
158
182
136
D
0.85544
0.0
0.0
0.0
0.14456
V
160
N
159
183
137
D
0.16515
0.0125
0.0
0.4728
0.33571
0.01384
V
162
N
163
D
0.15687
0.0
0.0
0.0
0.0
0.84313
V
163
N
164
162
186
140
D
0.00047
0.90923
0.0
0.01126
0.0
0.0
0.07904
V
164
N
165
163
D
0.01929
0.00141
0.00472
0.95042
0.0
0.0
0.02416
V
165
N
166
164
188
142
D
0.23432
0.31124
0.04178
0.36471
0.0
0.0
0.04795
V
166
N
167
165
189
D
0.01722
0.84483
0.0
0.04792
0.0
0.09003
V
167
N
166
190
144
D
0.0657
0.0992
0.00022
0.0
0.83488
V
169
N
192
146
D
0.30705
0.49793
0.0
0.0
0.19502
V
172
N
173
195
149
D
0.55784
0.0
0.02056
0.0
0.34655
0.07505
V
173
N
174
172
196
150
D
0.11281
0.23937
0.59245
0.0
0.0
0.0
0.05537
V
174
N
175
173
197
151
D
0.45447
0.0
0.54553
V
175
N
174
198
152
D
0.14478
0.0
0.0
0.85522
V
177
N
200
154
D
0.01214
0.0
0.0
0.0
0.92931
0.0
0.05855
V
179
N
180
202
156
D
0.93616
0.0
0.0
0.0
0.0
0.06384
V
180
N
179
203
157
D
0.46848
0.0
0.0
0.0
0.0
0.22627
0.30525
V
182
N
183
159
D
0.00116
0.36817
0.0
0.45397
0.0
0.1767
V
183
N
182
160
D
0.15314
0.0
0.0
0.84686
V
186
N
209
163
D
0.71535
0.0
0.15168
0.0
0.0
0.13297
V
188
N
189
211
165
D
0.54604
0.3901
0.05503
0.0
0.0
0.00883
V
189
N
190
188
212
166
D
0.40565
0.0
0.0
0.56126
0.03309
V
190
N
189
213
167
D
0.0475
0.60194
0.0
0.0
0.0
0.04466
0.3059
V
192
N
215
169
D
0.01039
0.0
0.22423
0.02702
0.0
0.0
0.73836
V
194
N
195
217
D
0.66275
0.0
0.0
0.0
0.33725
V
195
N
196
194
218
172
D
0.19872
0.41608
0.0
0.0
0.06095
0.0
0.32425
V
196
N
197
195
219
173
D
0.92217
0.00453
0.0722
0.0011
V
197
N
198
196
220
174
D
0.43489
0.09144
0.0
0.0
0.0
0.03619
0.43748
V
198
N
197
221
175
D
0.21509
0.0
0.78491
V
200
N
223
177
D
0.0365
0.0
0.0
0.91873
0.04027
0.0045
V
202
N
203
225
179
D
0.02232
0.0692
0.0
0.82672
0.0
0.00036
0.0814
V
203
N
204
202
226
180
D
0.03125
0.15214
0.16807
0.0
0.0
0.0
0.64854
V
204
N
203
227
D
0.47267
0.0
0.0
0.0
0.0
0.08444
0.44289
V
209
N
232
186
D
0.30258
0.0
0.0
0.02449
0.1744
0.49853
V
211
N
212
234
188
D
0.42945
0.57055
V
212
N
213
211
189
D
0.4172
0.0
0.0
0.0
0.5828
V
213
N
214
212
236
190
D
0.05079
0.0
0.54112
0.0
0.11363
0.29446
V
214
N
215
213
D
0.66381
0.01172
0.0
0.04087
0.0
0.2836
V
215
N
214
238
192
D
0.16384
0.15105
0.3429
0.34221
V
217
N
218
194
D
0.02528
0.86443
0.05317
0.0
0.0
0.05712
V
218
N
219
217
195
D
0.93048
0.0
0.0
0.06952
V
219
N
220
218
242
196
D
0.02559
0.02825
0.09623
0.0
0.01786
0.82622
0.00585
V
220
N
221
219
197
D
0.1331
0.11158
0.22249
0.01494
0.09461
0.42328
V
221
N
220
198
D
0.20251
0.40717
0.0
0.0
0.0
0.17883
0.21149
V
223
N
246
200
D
0.19366
0.0
0.0
0.00142
7e-05
0.0
0.80485
V
225
N
226
202
D
0.55904
0.0
0.0
0.18035
0.21156
0.00226
0.04679
V
226
N
227
225
203
D
0.02118
0.0
0.0
0.0
0.0
0.0
0.97882
V
227
N
226
250
204
D
0.12758
0.0
0.0
0.29426
0.0
0.50748
0.07068
V
232
N
255
209
D
0.69381
0.01314
0.22527
0.04224
0.01804
0.0
0.0075
V
234
N
257
211
D
0.01312
0.0
0.16425
0.0
0.12327
0.05781
0.64155
V
236
N
259
213
D
0.767
0.05569
0.0
0.0
0.0
0.0
0.17731
V
238
N
261
215
D
0.07683
0.40105
0.12311
0.31288
0.0
0.0
0.08613
V
242
N
265
219
D
0.76291
0.0
0.23709
V
246
N
269
223
D
0.55426
0.0
0.0
0.40699
0.0
0.0
0.03875
V
250
N
227
D
0.84854
0.0
0.0
0.15146
V
255
N
256
232
D
0.24822
0.0
0.0
0.0
0.17637
0.20189
0.37352
V
256
N
257
255
D
0.87891
0.08325
0.0
0.00486
0.0
0.03298
V
257
N
258
256
234
D
0.43851
0.31636
0.02286
0.0
0.19311
0.0
0.02916
V
258
N
259
257
D
0.19005
0.0
0.0
0.39699
0.0
0.0
0.41296
V
259
N
258
236
D
0.00996
0.2987
0.0
0.67884
0.00015
0.01235
V
261
N
262
238
D
0.04685
0.0
0.14186
0.0
0.0
0.81129
V
262
N
263
261
D
0.01871
0.0
0.01871
0.70433
0.13746
0.12079
V
263
N
264
262
286
D
0.38044
0.0
0.61956
V
264
N
265
263
D
0.59603
0.0
0.24002
0.1627
0.00125
V
265
N
266
264
242
D
0.27955
0.0
0.10436
0.0
0.16663
0.0
0.44946
V
266
N
267
265
D
0.03491
0.02206
0.0
0.18134
0.0
0.61021
0.15148
V
267
N
268
266
D
0.14761
0.15426
0.0
0.19483
0.0
0.0
0.5033
V
268
N
269
267
D
0.005
0.0
0.58708
0.02155
0.29395
0.0
0.09242
V
269
N
268
292
246
D
0.30755
0.0
0.0
0.40989
0.01874
0.08529
0.17853
V
286
N
309
263
D
0.29492
0.0
0.16662
0.0
0.29336
0.05919
0.18591
V
292
N
315
269
D
0.26779
0.00372
0.46713
0.0
0.26047
0.0
0.00089
V
309
N
310
332
286
D
0.47218
0.1467
0.11124
0.06679
0.02299
0.0
0.1801
V
310
N
311
309
333
D
0.37978
0.0
0.0
0.09275
0.0
0.52747
V
311
N
312
310
334
D
0.93088
0.0
0.0
0.0
0.0
0.06912
V
312
N
311
335
D
0.10264
0.0
0.09619
0.19812
0.13883
0.46422
V
315
N
338
292
D
0.65734
0.05591
0.0
0.0
0.0
0.28675
V
332
N
333
355
309
D
0.44768
0.0
0.0
0.0
0.0
0.0
0.55232
V
333
N
334
332
356
310
D
0.09517
0.04672
0.21048
0.49593
0.07906
0.07264
V
334
N
335
333
311
D
0.72177
0.27823
V
335
N
336
334
358
312
D
0.01195
0.0
0.87929
0.10876
V
336
N
335
359
D
0.1343
0.09275
0.0
0.01724
0.0
0.05098
0.70473
V
338
N
361
315
D
0.03983
0.0
0.76148
0.0
0.00169
0.197
V
355
N
356
378
332
D
0.46663
0.0
0.53337
V
356
N
355
379
333
D
0.16927
0.0
0.30882
0.0
0.00816
0.0
0.51375
V
358
N
359
335
D
0.32656
0.0
0.0
0.29512
0.37832
V
359
N
358
382
336
D
0.34708
0.0
0.0
0.34595
0.0
0.30697
V
361
N
384
338
D
0.20111
0.15311
0.0
0.22293
0.0
0.0
0.42285
V
378
N
379
401
355
D
0.21267
0.00134
0.78288
0.0
0.0
0.0
0.00311
V
379
N
380
378
402
356
D
0.16618
0.03707
0.25778
0.0
0.0
0.39062
0.14835
V
380
N
379
403
D
0.05128
0.01085
0.79316
0.0
0.03497
0.0
0.10974
V
382
N
405
359
D
0.32615
0.09734
0.0
0.27529
0.0
0.19659
0.10463
V
384
N
361
D
0.33216
0.0
0.0
0.66784
V
401
N
402
424
378
D
0.37059
0.0
0.0
0.0494
0.58001
V
402
N
403
401
379
D
0.68568
0.0
0.0
0.31432
V
403
N
404
402
380
D
0.09527
0.27531
0.58627
0.04315
V
404
N
405
403
D
0.5563
0.0
0.01287
0.02174
0.34526
0.06383
V
405
N
404
428
382
D
0.53091
0.12075
0.34659
0.0
0.0
0.00175
V
424
N
401
D
0.33186
0.07108
0.24359
0.0
0.25771
0.0
0.09576
V
428
N
405
D
0.30536
0.0
0.59921
0.0
0.09543
