i_155_4_36_FR_den312d
36
den312d
A
0
18
28
21
A
1
18
33
3
A
2
18
20
7
A
3
18
27
31
V
18
N
19
34
D
0.89548
0.0
0.0
0.0
0.0
0.10452
V
19
N
18
35
D
0.63415
0.30966
0.0
0.05448
0.00171
V
22
N
23
38
D
0.19702
0.14989
0.36433
0.28876
V
23
N
22
39
D
0.10794
0.04885
0.0
0.50635
0.04368
0.29318
V
30
N
46
D
0.42997
0.33459
0.0
0.18157
0.05387
V
34
N
35
50
18
D
0.27169
0.63774
0.0
0.08578
0.0
0.00479
V
35
N
34
51
19
D
0.13364
0.0
0.61662
0.00902
0.18404
0.0
0.05668
V
38
N
39
54
22
D
0.15926
0.04327
0.0
0.0
0.79747
V
39
N
40
38
55
23
D
0.06145
0.18938
0.00798
0.0
0.2101
0.53109
V
40
N
39
56
D
0.31385
0.0
0.0
0.0
0.02738
0.57107
0.0877
V
42
N
58
D
0.08876
0.00123
0.00388
0.07505
0.83108
V
44
N
60
D
0.33732
0.1955
0.0
0.00405
0.09111
0.37202
V
46
N
47
62
30
D
0.5228
0.0
0.01819
0.0
0.0
0.1687
0.29031
V
47
N
48
46
63
D
0.09503
0.0
0.7347
0.0
0.0
0.0
0.17027
V
48
N
47
64
D
0.15828
0.0
0.0169
0.05547
0.10433
0.4639
0.20112
V
50
N
51
66
34
D
0.26848
0.57361
0.0
0.0
0.0
0.15791
V
51
N
52
50
35
D
0.00708
0.0
0.56875
0.40969
0.01363
0.00085
V
52
N
51
68
D
0.00083
0.50743
0.11911
0.22414
0.0
0.00143
0.14706
V
54
N
55
70
38
D
0.14919
0.1754
0.0
0.0
0.43857
0.0
0.23684
V
55
N
56
54
71
39
D
0.01868
0.0
0.71132
0.0
0.0
0.27
V
56
N
57
55
40
D
0.81065
0.0
0.0
0.18935
V
57
N
58
56
D
0.2022
0.0
0.7978
V
58
N
59
57
42
D
0.01817
0.01668
0.00529
0.19909
0.76077
V
59
N
60
58
D
0.41946
0.58054
V
60
N
61
59
44
D
0.28083
0.0
0.0
0.0
0.0
0.71917
V
61
N
62
60
D
0.36456
0.39077
0.01152
0.0
0.0
0.0
0.23315
V
62
N
63
61
46
D
0.46124
0.53876
V
63
N
64
62
47
D
0.04568
0.15255
0.11814
0.24795
0.0
0.03652
0.39916
V
64
N
63
48
D
0.0037
0.54736
0.18269
0.16066
0.01082
0.03177
0.063
V
66
N
82
50
D
0.90425
0.0
0.0
0.0
0.09575
V
68
N
84
52
D
0.35747
0.03484
0.19551
0.05419
0.35799
V
70
N
71
86
54
D
0.69677
0.0
0.0
0.0
0.30295
0.00028
V
71
N
70
87
55
D
0.08794
0.0
0.12349
0.12775
0.46974
0.0
0.19108
V
82
N
83
66
D
0.23825
0.59739
0.01657
0.00807
0.0
0.13972
V
83
N
84
82
D
0.29512
0.2306
0.09849
0.0
0.0
0.37579
V
84
N
85
83
68
D
0.00167
0.98008
0.00448
0.01094
0.00053
0.0
0.0023
V
85
N
86
84
D
0.00133
0.37196
0.23042
0.0
0.35826
0.0
0.03803
V
86
N
87
85
102
70
D
0.00092
0.6565
0.07116
0.26528
5e-05
0.0
0.00609
V
87
N
88
86
103
71
D
0.97326
0.0
0.0
0.0
0.02674
V
88
N
87
104
D
0.10969
0.75164
0.03226
0.10641
V
90
N
106
D
0.02121
0.18782
0.00253
0.08848
0.0
0.00215
0.69781
V
94
N
110
D
0.16385
0.0
0.04568
0.35943
0.0
0.0
0.43104
V
102
N
103
118
86
D
0.15196
0.0
0.0
0.0
0.0
0.84804
V
103
N
104
102
119
87
D
0.74177
0.0
0.0
0.0
0.0
0.0
0.25823
V
104
N
103
120
88
D
0.04066
0.0
0.0
0.0
0.0
0.0
0.95934
V
106
N
122
90
D
0.29112
0.0
0.10053
0.02485
0.0
0.5835
V
110
N
126
94
D
0.00768
0.08422
0.0
0.0
0.33417
0.53663
0.0373
V
118
N
119
134
102
D
0.02973
0.23128
0.0006
0.0
0.69913
0.00355
0.03571
V
119
N
120
118
135
103
D
0.3887
0.0
0.0
0.0
0.0
0.6113
V
120
N
121
119
136
104
D
0.15338
0.0
0.36096
0.0
0.45021
0.03545
V
121
N
122
120
D
0.13743
0.0
0.0
0.0
0.0455
0.06956
0.74751
V
122
N
123
121
106
D
0.31459
0.0
0.1637
0.0
0.04349
0.0
0.47822
V
123
N
124
122
D
0.36065
0.03618
0.0
0.0
0.0
0.56685
0.03632
V
124
N
125
123
D
0.40792
0.38302
0.0
0.0
0.03954
0.16031
0.00921
V
125
N
126
124
D
0.33998
0.0
0.22188
0.14733
0.0
0.0
0.29081
V
126
N
125
110
D
0.44337
0.0
0.43611
0.0
0.0
0.12052
V
134
N
135
150
118
D
0.04478
0.0
0.0
0.0
0.15933
0.0
0.79589
V
135
N
136
134
151
119
D
0.0689
0.29503
0.0992
0.32068
0.07753
0.05588
0.08278
V
136
N
135
152
120
D
0.21675
0.0
0.76264
0.0
0.0
0.0
0.02061
V
150
N
151
166
134
D
0.02362
0.81711
0.00418
0.04237
0.11272
V
151
N
152
150
167
135
D
0.0122
0.05395
0.52837
0.06364
0.0
0.00601
0.33583
V
152
N
153
151
168
136
D
0.06259
0.27093
0.25011
0.10354
0.31283
V
153
N
152
169
D
0.83636
0.0
0.0
0.0
0.16364
V
156
N
172
D
0.09455
0.04869
0.0
0.85676
V
166
N
167
182
150
D
0.42011
0.06577
0.00564
0.02893
0.0
0.47955
V
167
N
168
166
183
151
D
0.24986
0.0
0.0
0.0
0.75014
V
168
N
169
167
184
152
D
0.53254
0.0
0.0
0.0
0.0
0.46746
V
169
N
170
168
185
153
D
0.76882
0.0
0.23118
V
170
N
171
169
186
D
0.30589
0.0
0.0
0.29566
0.33068
0.06777
V
171
N
172
170
D
0.09592
0.0
0.0
0.83589
0.06819
V
172
N
173
171
156
D
0.00875
0.0
0.0
0.0
0.8588
0.03415
0.0983
V
173
N
174
172
189
D
0.32928
0.0
0.0
0.54058
0.0
0.13014
V
174
N
175
173
190
D
0.10189
0.04418
0.06043
0.0
0.0
0.38138
0.41212
V
175
N
176
174
191
D
0.34132
0.08013
0.53691
0.0
0.0178
0.0
0.02384
V
176
N
175
192
D
0.00011
0.10726
0.37939
0.0
0.01422
0.01222
0.4868
V
182
N
183
166
D
0.02762
0.0
0.02722
0.0
0.6675
0.15235
0.12531
V
183
N
184
182
167
D
0.306
0.11363
0.0
0.54605
0.00396
0.03036
V
184
N
185
183
200
168
D
0.0545
0.29312
0.21035
0.0
0.0
0.34918
0.09285
V
185
N
186
184
169
D
0.18052
0.42255
0.0
0.0
0.39693
V
186
N
185
170
D
0.0875
0.14985
0.0
0.0
0.2214
0.0
0.54125
V
189
N
190
173
D
0.06143
0.0
0.18101
0.01467
0.74289
V
190
N
191
189
206
174
D
0.27677
0.00305
0.20084
0.0
0.08919
0.0
0.43015
V
191
N
192
190
175
D
0.57939
0.0
0.0
0.31891
0.0
0.00776
0.09394
V
192
N
191
176
D
0.80344
0.19656
V
200
N
216
184
D
0.00884
0.63145
0.00749
0.056
0.29622
V
206
N
222
190
D
0.31598
0.4384
0.05705
0.0
0.18857
V
211
N
227
D
0.03727
0.0
0.0305
0.87417
0.02656
0.0315
V
213
N
229
D
0.16716
0.0
0.0
0.83284
V
215
N
216
231
D
0.03616
0.03637
0.23619
0.0
0.0
0.00899
0.68229
V
216
N
217
215
232
200
D
0.59297
0.0
0.0
0.0
0.00168
0.40535
V
217
N
216
233
D
0.58523
0.0
0.41477
V
219
N
235
D
0.27304
0.05391
0.00052
0.67253
V
222
N
223
238
206
D
0.31166
0.0
0.0
0.0
0.0
0.68834
V
223
N
222
239
D
0.13282
0.01575
0.0
0.2698
0.0
0.52925
0.05238
V
226
N
227
242
D
0.28405
0.0
0.12792
0.58803
V
227
N
228
226
211
D
0.00106
0.0
0.06293
0.5356
0.00079
0.00363
0.39599
V
228
N
229
227
244
D
0.5673
0.0
0.10398
0.0
0.32872
V
229
N
230
228
213
D
0.32321
0.33109
0.17869
0.0
0.1256
0.0
0.04141
V
230
N
231
229
246
D
0.96521
0.0
0.0
0.03479
V
231
N
232
230
215
D
0.34261
0.0
0.0
0.65739
V
232
N
233
231
248
216
D
0.59604
0.0
0.0
0.0
0.0
0.40396
V
233
N
234
232
249
217
D
0.03964
0.96036
V
234
N
235
233
D
0.00687
0.01903
0.0
0.60973
0.01351
0.0
0.35086
V
235
N
236
234
251
219
D
0.00301
0.07137
0.81467
0.0
0.0
0.08911
0.02184
V
236
N
235
D
0.00444
0.0
0.0047
0.70481
0.22689
0.0
0.05916
V
238
N
239
254
222
D
0.01483
0.8673
0.0
0.10906
0.0
0.0
0.00881
V
239
N
238
255
223
D
0.55636
0.0
0.0
0.0
0.04667
0.0
0.39697
V
242
N
226
D
0.1279
0.0
0.0
0.07149
0.00824
0.06474
0.72763
V
244
N
228
D
0.40075
0.0
0.38823
0.0
0.0
0.21102
V
246
N
262
230
D
0.33576
0.10662
0.0
0.0
0.55557
0.00205
V
248
N
249
232
D
0.56764
0.02844
0.0
0.30569
0.0
0.03775
0.06048
V
249
N
248
233
D
0.00278
0.0
0.0
0.0
0.01605
0.0011
0.98007
V
251
N
235
D
0.00723
0.0
0.11443
0.87834
V
254
N
255
238
D
0.70383
0.0
0.0
0.0
0.0
0.0
0.29617
V
255
N
256
254
239
D
0.5731
0.4269
V
256
N
255
D
0.02147
0.12819
0.61621
0.0
0.06414
0.08351
0.08648
V
261
N
262
277
D
0.09452
0.0
0.11357
0.00045
0.20513
0.53078
0.05555
V
262
N
263
261
278
246
D
0.00815
0.28242
0.0
0.0
0.0
0.0
0.70943
V
263
N
262
279
D
0.48516
0.08932
0.42301
0.00175
0.00023
0.00053
V
275
N
291
D
0.05149
0.01837
0.0
0.01944
0.46185
0.12722
0.32163
V
277
N
278
293
261
D
0.37396
0.45961
0.0
0.01152
0.0699
0.08501
V
278
N
279
277
294
262
D
0.85168
0.0
0.0
0.0
0.14832
V
279
N
280
278
263
D
0.26238
0.0
0.09777
0.0
0.63985
V
280
N
281
279
296
D
0.0024
0.06179
0.04853
0.0
0.05828
0.72723
0.10177
V
281
N
282
280
D
0.19932
0.09732
0.17557
0.49859
0.0
0.0292
V
282
N
283
281
298
D
0.85686
0.0
0.14314
V
283
N
284
282
299
D
0.43085
0.0
0.32491
0.0
0.0
0.24424
V
284
N
285
283
300
D
0.70064
0.0
0.0
0.0179
0.0319
0.24956
V
285
N
286
284
301
D
0.02858
0.55056
0.02352
0.05646
0.0
0.34088
V
286
N
287
285
302
D
0.07562
0.0
0.82356
0.0
0.0
0.10082
V
287
N
288
286
303
D
0.02136
0.0
0.0
0.96514
0.0135
V
288
N
287
304
D
0.96571
0.0
0.01285
0.0
0.0
0.0
0.02144
V
291
N
307
275
D
0.01342
0.08828
0.69526
0.0
0.00982
0.18773
0.00549
V
293
N
294
309
277
D
0.09086
0.0
0.0
0.0
0.0
0.90914
V
294
N
293
310
278
D
0.09763
0.21669
0.0
0.0
0.54263
0.00161
0.14144
V
296
N
312
280
D
0.41736
0.0
0.00013
0.23015
0.0
0.30044
0.05192
V
298
N
299
314
282
D
0.19385
0.0
0.0
0.00649
0.3083
0.49136
V
299
N
300
298
315
283
D
0.00948
0.03523
0.06079
0.63862
0.0
0.25588
V
300
N
301
299
316
284
D
0.01168
0.15303
0.06877
0.0572
0.22483
0.48449
V
301
N
302
300
317
285
D
0.60847
0.15131
0.14136
0.06378
0.02894
0.00614
V
302
N
303
301
318
286
D
0.06721
0.02661
0.88709
0.00745
0.0
0.01164
V
303
N
304
302
319
287
D
0.50597
0.00018
0.0
0.30165
0.00509
0.0
0.18711
V
304
N
303
320
288
D
0.34409
0.31341
0.20108
0.01232
0.03714
0.0
0.09196
V
307
N
308
291
D
0.01857
0.06416
0.08677
0.0
0.20735
0.02811
0.59504
V
308
N
309
307
D
0.56418
0.0
0.0
0.31802
0.10544
0.01236
V
309
N
310
308
293
D
0.85218
0.0
0.0054
0.01575
0.05295
0.02899
0.04473
V
310
N
309
294
D
0.4446
0.0
0.4666
0.0
0.0
0.0
0.0888
V
312
N
296
D
0.0491
0.15469
0.0
0.15383
0.0
0.15212
0.49026
V
314
N
315
298
D
0.77165
0.0
0.0
0.0
0.0
0.22835
V
315
N
316
314
299
D
0.5695
0.00038
0.04126
0.18797
0.13726
0.06363
V
316
N
317
315
300
D
0.01093
0.08674
0.17747
0.27772
0.0
0.01539
0.43175
V
317
N
318
316
301
D
0.88145
0.0
0.0999
0.0
0.0
0.0
0.01865
V
318
N
319
317
302
D
0.00874
0.0
0.00442
0.00776
0.0
0.97908
V
319
N
320
318
303
D
0.01057
0.00174
0.05586
0.93056
0.00127
V
320
N
319
304
D
0.977
0.0
0.0
0.0
0.0
0.0
0.023
