i_160_5_25_FR_X
25
X
A
0
1
25
9
A
1
1
25
23
A
2
1
18
12
A
3
1
21
14
A
4
1
24
22
V
1
N
2
17
D
0.0861
0.3737
0.0
0.1155
V
2
N
3
1
18
D
0.0081
0.0
0.0096
0.0253
V
3
N
4
2
19
D
0.0709
0.0
0.0
0.1432
V
4
N
5
3
20
D
0.4953
0.0
V
5
N
6
4
21
D
0.7566
0.0
V
6
N
7
5
22
D
0.3166
0.1357
0.4477
0.0
V
7
N
8
6
23
D
0.2553
0.0573
0.3495
0.0
0.2705
V
8
N
9
7
24
D
0.6804
0.0011
0.0
0.0
V
9
N
10
8
25
D
0.0103
0.0
0.1196
V
10
N
11
9
26
D
0.2293
0.0
0.0
V
11
N
12
10
27
D
0.2332
0.0524
0.0
0.0345
0.3119
V
12
N
13
11
28
D
0.0001
0.0
0.0077
0.0209
V
13
N
14
12
29
D
0.8311
0.0438
0.0087
0.0684
0.0
V
14
N
15
13
30
D
0.6074
0.0
0.0
0.0293
V
15
N
16
14
31
D
0.1486
0.5579
0.0
0.2174
V
16
N
15
32
D
0.0058
0.0
0.0
0.0994
V
17
N
18
33
1
D
0.295
0.705
V
18
N
19
17
34
2
D
0.0949
0.6054
0.0
0.1026
0.1215
V
19
N
20
18
35
3
D
0.0065
0.0626
0.9074
0.008
0.0
0.0048
V
20
N
21
19
36
4
D
0.2059
0.0589
0.0
0.0
V
21
N
22
20
37
5
D
0.0506
0.0158
0.2284
0.6808
0.0244
V
22
N
23
21
38
6
D
0.1437
0.0
0.0
0.0556
0.7918
V
23
N
24
22
39
7
D
0.4963
0.0
V
24
N
25
23
40
8
D
0.8015
0.0
0.0002
0.0
V
25
N
26
24
41
9
D
0.0219
0.0013
0.0
0.0819
0.0594
0.0001
V
26
N
27
25
42
10
D
0.5257
0.3716
0.0
0.0447
V
27
N
28
26
43
11
D
0.5415
0.2293
0.1804
0.0
V
28
N
29
27
44
12
D
0.6057
0.0
V
29
N
30
28
45
13
D
0.0454
0.0
0.3061
0.6433
V
30
N
31
29
46
14
D
0.5562
0.0284
0.0
0.4124
V
31
N
32
30
47
15
D
0.6982
0.0
0.0
V
32
N
31
48
16
D
0.0863
0.4686
0.4372
0.0
0.0056
V
33
N
34
49
17
D
0.3992
0.0079
0.1785
0.3948
0.0
V
34
N
35
33
50
18
D
0.1028
0.2285
0.0
0.0664
0.5625
V
35
N
36
34
51
19
D
0.392
0.2951
0.1026
0.0
0.0247
V
36
N
37
35
52
20
D
0.2845
0.4494
0.0
0.0
0.2267
V
37
N
38
36
53
21
D
0.2013
0.1034
0.0076
0.0
0.0
V
38
N
39
37
54
22
D
0.6409
0.0
V
39
N
40
38
55
23
D
0.0075
0.0
0.0
0.9273
V
40
N
41
39
56
24
D
0.0634
0.8857
0.0
V
41
N
42
40
57
25
D
0.2957
0.2998
0.0
0.0
V
42
N
43
41
58
26
D
0.0691
0.0965
0.0214
0.0
0.1721
V
43
N
44
42
59
27
D
0.0436
0.0
0.0
0.0
V
44
N
45
43
60
28
D
0.7724
0.0036
0.099
0.0024
0.0442
0.0784
V
45
N
46
44
61
29
D
0.0685
0.0
0.792
V
46
N
47
45
62
30
D
0.2247
0.0
0.0741
0.0
V
47
N
48
46
63
31
D
0.0195
0.9123
0.0035
0.0
0.0401
V
48
N
47
64
32
D
0.4611
0.0
V
49
N
50
65
33
D
0.2765
0.0018
0.0
0.0
0.005
V
50
N
51
49
66
34
D
0.9596
0.0
V
51
N
52
50
67
35
D
0.1692
0.0
V
52
N
53
51
68
36
D
0.2828
0.079
0.0
0.0
V
53
N
54
52
69
37
D
0.2662
0.388
0.0
V
54
N
55
53
70
38
D
0.4398
0.0572
0.0162
0.0
0.102
V
55
N
56
54
71
39
D
0.9511
0.0053
0.0
0.0
V
56
N
57
55
72
40
D
0.083
0.3731
0.0
0.0746
V
57
N
58
56
73
41
D
0.212
0.6397
0.1399
0.0082
0.0
V
58
N
59
57
74
42
D
0.3493
0.0673
0.0
0.0
V
59
N
60
58
75
43
D
0.265
0.0055
0.0
0.2108
0.1766
V
60
N
61
59
76
44
D
0.0004
0.0702
0.0
0.0
0.2009
V
61
N
62
60
77
45
D
0.2256
0.5125
0.0
0.0376
V
62
N
63
61
78
46
D
0.0778
0.7249
0.0
V
63
N
64
62
79
47
D
0.0643
0.0011
0.0128
0.2905
0.0
V
64
N
63
80
48
D
0.13
0.688
0.182
V
65
N
66
81
49
D
0.3736
0.0
0.1188
0.0
V
66
N
67
65
82
50
D
0.0909
0.0755
0.6
0.0
V
67
N
68
66
83
51
D
0.0037
0.9531
0.0
0.0018
0.0043
0.0272
V
68
N
69
67
84
52
D
0.1731
0.2776
0.0
V
69
N
70
68
85
53
D
0.0845
0.0095
0.0
0.6807
0.0347
V
70
N
71
69
86
54
D
0.0285
0.9597
0.0103
0.0004
0.0
V
71
N
72
70
87
55
D
0.0717
0.0
0.0411
V
72
N
73
71
88
56
D
0.7676
0.0
0.0102
0.1777
0.025
V
73
N
74
72
89
57
D
0.7806
0.2194
V
74
N
75
73
90
58
D
0.5889
0.0424
0.092
0.1184
0.0
V
75
N
76
74
91
59
D
0.093
0.001
0.0376
0.0
V
76
N
77
75
92
60
D
0.2185
0.0111
0.6751
0.0
0.0
V
77
N
78
76
93
61
D
0.8985
0.0
0.0354
V
78
N
79
77
94
62
D
0.5657
0.0
0.0419
0.0681
V
79
N
80
78
95
63
D
0.1942
0.8052
0.0003
0.0001
0.0002
V
80
N
79
96
64
D
0.3001
0.0031
0.0
0.0582
V
81
N
82
97
65
D
0.0091
0.2184
0.5449
0.0091
0.0
V
82
N
83
81
98
66
D
0.0327
0.0356
0.651
0.0584
0.1796
0.0
V
83
N
84
82
99
67
D
0.0317
0.2077
0.0075
0.0754
0.0
V
84
N
85
83
100
68
D
0.7146
0.2607
0.0126
0.0
V
85
N
86
84
101
69
D
0.1727
0.4778
0.0
V
86
N
87
85
102
70
D
0.548
0.0
V
87
N
88
86
103
71
D
0.767
0.0
0.0
0.0453
V
88
N
89
87
104
72
D
0.0042
0.3159
0.0
0.5441
0.1253
0.0073
V
89
N
90
88
105
73
D
0.0058
0.0032
0.0
V
90
N
91
89
106
74
D
0.2076
0.6103
0.1794
0.0024
0.0003
V
91
N
92
90
107
75
D
0.0509
0.2691
0.2817
0.0
V
92
N
93
91
108
76
D
0.4924
0.0
0.0
V
93
N
94
92
109
77
D
0.0303
0.0
0.1964
V
94
N
95
93
110
78
D
0.2559
0.7062
0.0
0.023
V
95
N
96
94
111
79
D
0.2557
0.0
0.5428
0.0825
0.0
V
96
N
95
112
80
D
0.3975
0.0
0.4967
V
97
N
98
113
81
D
0.4859
0.0025
0.0006
0.0005
0.0
V
98
N
99
97
114
82
D
0.0261
0.6684
0.0371
0.0896
0.0012
0.1681
0.0095
V
99
N
100
98
115
83
D
0.1687
0.4902
0.0196
0.0
V
100
N
101
99
116
84
D
0.3244
0.6548
0.0
V
101
N
102
100
117
85
D
0.0062
0.7425
0.0
0.001
V
102
N
103
101
118
86
D
0.7535
0.0
0.0
V
103
N
104
102
119
87
D
0.0773
0.0
0.0021
0.0
V
104
N
105
103
120
88
D
0.0767
0.9233
V
105
N
106
104
121
89
D
0.0074
0.025
0.0
0.0
V
106
N
107
105
122
90
D
0.0786
0.0
0.0864
0.28
V
107
N
108
106
123
91
D
0.2051
0.0013
0.0
0.6773
V
108
N
109
107
124
92
D
0.2806
0.2132
0.0
0.066
0.0708
0.0972
V
109
N
110
108
125
93
D
0.37
0.015
0.0
0.1448
V
110
N
111
109
126
94
D
0.4016
0.5984
V
111
N
112
110
127
95
D
0.1842
0.0
0.2775
0.3833
V
112
N
111
128
96
D
0.5702
0.0
V
113
N
114
129
97
D
0.0039
0.9816
0.008
0.0
0.0013
V
114
N
115
113
130
98
D
0.3312
0.3043
0.0
0.046
V
115
N
116
114
131
99
D
0.0041
0.0
V
116
N
117
115
132
100
D
0.1229
0.0709
0.5663
0.0331
0.0
0.1939
V
117
N
118
116
133
101
D
0.9113
0.0887
V
118
N
119
117
134
102
D
0.5503
0.0
V
119
N
120
118
135
103
D
0.172
0.0
0.2905
0.259
0.0
V
120
N
121
119
136
104
D
0.6791
0.0
0.0971
0.2132
V
121
N
122
120
137
105
D
0.0213
0.2339
0.0
0.1136
V
122
N
123
121
138
106
D
0.0013
0.0
0.0
0.0012
V
123
N
124
122
139
107
D
0.017
0.0
0.0
0.272
0.6986
V
124
N
125
123
140
108
D
0.4507
0.0463
0.1363
0.3667
V
125
N
126
124
141
109
D
0.6813
0.0
V
126
N
127
125
142
110
D
0.7494
0.0
0.1203
0.0
V
127
N
128
126
143
111
D
0.7408
0.0
0.0
0.0
V
128
N
127
144
112
D
0.013
0.0
0.0197
0.8526
0.0526
0.0581
V
129
N
130
145
113
D
0.3119
0.0
0.3299
0.0077
0.0
V
130
N
131
129
146
114
D
0.1157
0.0
0.203
0.0071
0.0
V
131
N
132
130
147
115
D
0.5892
0.0009
0.3054
0.0376
0.0669
V
132
N
133
131
148
116
D
0.204
0.0
0.0
0.678
V
133
N
134
132
149
117
D
0.0843
0.4963
0.0
0.2672
0.0
V
134
N
135
133
150
118
D
0.2162
0.0
0.0
V
135
N
136
134
151
119
D
0.3815
0.0
0.6011
V
136
N
137
135
152
120
D
0.0758
0.1677
0.0
0.5888
V
137
N
138
136
153
121
D
0.0179
0.9141
0.0
V
138
N
139
137
154
122
D
0.1304
0.006
0.0
0.598
0.0068
0.1654
V
139
N
140
138
155
123
D
0.4352
0.5648
V
140
N
141
139
156
124
D
0.2204
0.1108
0.0246
0.3569
0.0
0.2771
V
141
N
142
140
157
125
D
0.1029
0.0196
0.0
0.6913
V
142
N
143
141
158
126
D
0.8514
0.0
V
143
N
144
142
159
127
D
0.5656
0.0
0.0
V
144
N
143
160
128
D
0.355
0.4182
0.0
0.0116
0.0395
V
145
N
146
129
D
0.1928
0.5539
0.1465
0.0
V
146
N
147
145
130
D
0.2011
0.0
0.0
0.0021
0.2344
V
147
N
148
146
131
D
0.0809
0.6894
0.0174
0.0457
0.1666
V
148
N
149
147
132
D
0.8758
0.1242
V
149
N
150
148
133
D
0.2361
0.0
0.0
V
150
N
151
149
134
D
0.3166
0.0
0.0
0.0
V
151
N
152
150
135
D
0.2809
0.0
0.4443
V
152
N
153
151
136
D
0.8339
0.0
V
153
N
154
152
137
D
0.0331
0.4721
0.1236
0.0245
0.0
V
154
N
155
153
138
D
0.5047
0.0
V
155
N
156
154
139
D
0.7787
0.0
0.0093
0.0541
0.0296
V
156
N
157
155
140
D
0.126
0.0
0.5316
0.0515
0.0248
V
157
N
158
156
141
D
0.0142
0.0
V
158
N
159
157
142
D
0.4022
0.0
0.006
V
159
N
160
158
143
D
0.8665
0.0
0.0
V
160
N
159
144
D
0.0014
0.2979
0.0002
0.0
0.5667
0.0001
