i_165_3_29_FR_isound1
29
isound1
A
0
16
22
24
A
1
16
16
12
A
2
16
16
24
V
16
N
17
30
D
0.56192
0.0
0.0
0.0
0.0
0.43808
V
17
N
18
16
31
D
0.00224
0.92454
0.03408
0.0
0.02173
0.00359
0.01382
V
18
N
19
17
32
D
0.07474
0.05926
0.68107
0.04444
0.0
0.14049
V
19
N
20
18
33
D
0.45638
0.0
0.23187
0.0
0.0
0.0
0.31175
V
20
N
21
19
34
D
0.00047
0.0
0.96852
0.0
0.00086
0.0
0.03015
V
21
N
22
20
35
D
0.30908
0.0
0.0
0.06311
0.37985
0.0
0.24796
V
22
N
21
36
D
0.22569
0.05437
0.0
0.42852
0.28098
0.0
0.01044
V
24
N
25
38
D
0.00042
0.57437
0.0
0.0
0.05377
0.0
0.37144
V
25
N
26
24
39
D
0.12492
0.0
0.0
0.03543
0.0
0.78482
0.05483
V
26
N
27
25
40
D
0.7315
0.0
0.0
0.25264
0.01422
0.0
0.00164
V
27
N
28
26
41
D
0.18724
0.07382
0.09874
0.13139
0.0
0.0
0.50881
V
28
N
27
42
D
0.94124
0.0
0.0
0.0
0.00891
0.04985
V
30
N
31
44
16
D
0.06727
0.0
0.42635
0.50638
V
31
N
32
30
45
17
D
0.00089
0.0
0.0
0.0
0.00289
0.99622
V
32
N
33
31
46
18
D
0.19083
0.0
0.08978
0.01052
0.70887
V
33
N
34
32
47
19
D
0.26155
0.52448
0.10372
0.0
0.0
0.00787
0.10238
V
34
N
35
33
48
20
D
0.50776
0.0
0.0
0.0
0.49224
V
35
N
36
34
49
21
D
0.02805
0.0
0.12469
0.01351
0.0
0.83375
V
36
N
35
50
22
D
0.00072
0.0
0.54745
0.31081
0.09484
0.04618
V
38
N
39
52
24
D
0.98937
0.0
0.0
0.00776
0.0
0.0
0.00287
V
39
N
40
38
53
25
D
0.25352
0.0
0.0
0.0
0.0
0.46139
0.28509
V
40
N
41
39
54
26
D
0.06511
0.0835
0.02985
0.10018
0.0
0.72136
V
41
N
42
40
55
27
D
0.04747
0.34531
0.0
0.4949
0.0
0.04319
0.06913
V
42
N
41
56
28
D
0.94869
0.0
0.0
0.05131
V
44
N
45
58
30
D
0.32474
0.0
0.67526
V
45
N
46
44
59
31
D
0.82603
0.0
0.11485
0.02773
0.0
0.03139
V
46
N
47
45
60
32
D
0.55606
0.0
0.11035
0.0
0.0
0.0
0.33359
V
47
N
48
46
61
33
D
0.01355
0.04097
0.06696
0.30442
0.49688
0.07722
V
48
N
49
47
62
34
D
0.29865
0.0893
0.20674
0.0
0.40531
V
49
N
50
48
63
35
D
0.02701
0.0
0.96853
0.0
0.0
0.0
0.00446
V
50
N
49
64
36
D
0.05846
0.0
0.94154
V
52
N
53
66
38
D
0.19342
0.0
0.2972
0.0
0.0
0.48497
0.02441
V
53
N
54
52
67
39
D
0.02419
0.20256
0.0
0.59928
0.08607
0.0
0.0879
V
54
N
55
53
68
40
D
0.26904
0.0
0.25969
0.11848
0.35279
V
55
N
56
54
69
41
D
0.62986
0.0
0.0
0.29532
0.07482
V
56
N
55
70
42
D
0.61761
0.00084
0.08156
0.0
0.0
0.0
0.29999
V
58
N
59
72
44
D
0.40038
0.0
0.09788
0.41656
0.0
0.08518
V
59
N
60
58
73
45
D
0.01895
0.0
0.12005
0.0
0.0
0.04138
0.81962
V
60
N
61
59
74
46
D
0.23418
0.00726
0.46461
0.0
0.0
0.28245
0.0115
V
61
N
62
60
75
47
D
0.12321
0.0
0.0
0.87679
V
62
N
63
61
76
48
D
0.16217
0.08138
0.0
0.0
0.39124
0.14671
0.2185
V
63
N
64
62
77
49
D
0.01382
0.00257
0.96155
0.0
0.0006
0.0
0.02146
V
64
N
65
63
78
50
D
0.00207
0.01908
0.0
0.90527
0.00078
0.04856
0.02424
V
65
N
66
64
D
0.1385
0.44925
0.0
0.0
0.06203
0.35022
V
66
N
67
65
80
52
D
0.10954
0.14452
0.03603
0.0
0.0
0.70991
V
67
N
68
66
81
53
D
0.07209
0.0
0.0
0.0
0.4269
0.0
0.50101
V
68
N
69
67
82
54
D
0.5567
0.0
0.10773
0.04717
0.2884
V
69
N
70
68
83
55
D
0.19738
0.0
0.0
0.24932
0.0
0.5533
V
70
N
69
84
56
D
0.25885
0.73884
0.0
0.0
0.0
0.00231
V
72
N
73
86
58
D
0.28791
0.0
0.0
0.03991
0.0
0.67218
V
73
N
74
72
87
59
D
0.14461
0.0
0.53336
0.0
0.11122
0.21081
V
74
N
75
73
88
60
D
0.40964
0.38364
0.0
0.0
0.05147
0.15525
V
75
N
76
74
89
61
D
0.51782
0.45396
0.0
0.0
0.0
0.0
0.02822
V
76
N
77
75
90
62
D
0.02242
0.3452
0.02478
0.25728
0.30313
0.04719
V
77
N
78
76
91
63
D
0.36703
0.0
0.0
0.0
0.63297
V
78
N
77
92
64
D
0.10704
0.0
0.00811
0.29615
0.20305
0.38565
V
80
N
81
94
66
D
0.26255
0.03871
0.00152
0.63127
0.0
0.0
0.06595
V
81
N
82
80
95
67
D
0.52188
0.0
0.0906
0.35431
0.0
0.0
0.03321
V
82
N
83
81
96
68
D
0.08648
0.0
0.4449
0.39746
0.0
0.02112
0.05004
V
83
N
84
82
97
69
D
0.80882
0.191
0.0
6e-05
0.0
0.00011
1e-05
V
84
N
83
98
70
D
0.36494
0.0
0.0
0.0217
0.0
0.0
0.61336
V
86
N
87
100
72
D
0.04885
0.0
0.02606
0.0
0.0
0.00313
0.92196
V
87
N
88
86
101
73
D
0.02333
0.02628
0.01221
0.0
0.56791
0.0306
0.33967
V
88
N
89
87
102
74
D
0.65303
0.09117
0.0
0.0
0.0
2e-05
0.25578
V
89
N
90
88
103
75
D
0.07709
0.39468
0.0
0.0
0.04211
0.43427
0.05185
V
90
N
91
89
104
76
D
0.36602
0.0
0.0
0.0
0.19766
0.23927
0.19705
V
91
N
92
90
105
77
D
0.77769
0.22231
V
92
N
91
106
78
D
0.53177
0.0
0.22599
0.0
0.0
0.24224
V
94
N
95
108
80
D
0.02821
0.63692
0.06926
0.0
0.25932
0.00629
V
95
N
96
94
109
81
D
0.29813
0.0
0.0
0.30912
0.0
0.39275
V
96
N
97
95
110
82
D
0.03915
0.0
0.0
0.14189
0.14228
0.0
0.67668
V
97
N
98
96
111
83
D
0.18735
0.0
0.0
0.12681
0.0
0.47029
0.21555
V
98
N
97
112
84
D
0.1337
0.03614
0.58004
0.07581
0.14459
0.02972
V
100
N
101
114
86
D
0.5192
0.00304
0.05252
0.27946
0.0
0.14578
V
101
N
102
100
115
87
D
0.35149
0.0
0.0
0.62314
0.01994
0.0
0.00543
V
102
N
103
101
116
88
D
0.81594
0.0
0.03166
0.0
0.00935
0.0
0.14305
V
103
N
104
102
117
89
D
0.26338
0.0
0.0
0.0
0.0
0.73662
V
104
N
105
103
118
90
D
0.16241
0.17121
0.07055
0.02017
0.0
0.57566
V
105
N
106
104
119
91
D
0.63462
0.0
0.0
0.0
0.36538
V
106
N
105
120
92
D
0.18822
0.67599
0.0
0.0
0.0
0.13579
V
108
N
109
94
D
0.23447
0.03984
0.0
0.0
0.45242
0.0
0.27327
V
109
N
110
108
95
D
0.6835
0.00028
0.0
0.10823
0.0
0.01737
0.19062
V
110
N
111
109
96
D
0.00803
0.04041
0.73333
0.0
0.02096
0.0668
0.13047
V
111
N
112
110
97
D
0.79514
0.0
0.0
0.00144
0.00483
0.00053
0.19806
V
112
N
111
98
D
0.16014
0.0098
0.0
0.81343
0.00761
0.00902
V
114
N
115
128
100
D
0.45429
0.52367
0.02204
V
115
N
116
114
129
101
D
0.01299
0.27116
0.0
0.08248
0.16427
0.4691
V
116
N
117
115
130
102
D
0.20163
0.0
0.25354
0.54483
V
117
N
118
116
131
103
D
0.42824
0.43682
0.0
0.0
0.13494
V
118
N
119
117
132
104
D
0.56202
0.04217
0.34198
0.00583
0.0
0.0
0.048
V
119
N
120
118
133
105
D
0.81112
0.0
0.0
0.0
0.17054
0.0
0.01834
V
120
N
119
134
106
D
0.12707
0.0
0.0
0.87293
V
128
N
129
142
114
D
0.08102
0.0
0.0
0.05143
0.23881
0.0
0.62874
V
129
N
130
128
143
115
D
0.09678
0.0
0.71405
0.18917
V
130
N
131
129
144
116
D
0.10819
0.0
0.0
0.0682
0.0
0.82361
V
131
N
132
130
145
117
D
0.50959
0.0
0.0
0.49041
V
132
N
133
131
146
118
D
0.19983
0.0
0.06864
0.55124
0.0
0.02009
0.1602
V
133
N
134
132
147
119
D
0.40654
0.0
0.0
0.05364
0.53982
V
134
N
133
148
120
D
0.29219
0.35018
0.0
0.24704
0.09356
0.0
0.01703
V
136
N
137
150
D
0.02351
0.0
0.0
0.4096
0.38489
0.0
0.182
V
137
N
138
136
151
D
0.08646
0.0
0.0
0.07223
0.38543
0.45588
V
138
N
139
137
152
D
0.25922
0.0
0.07939
0.0
0.0
0.0
0.66139
V
139
N
140
138
153
D
0.14801
0.11255
0.21205
0.0
0.0
0.17234
0.35505
V
140
N
139
154
D
0.02643
0.95727
0.0
0.0
0.0
0.0
0.0163
V
142
N
143
156
128
D
0.14886
0.30103
0.1666
0.27497
0.0
0.0
0.10854
V
143
N
144
142
157
129
D
0.06495
0.91099
0.0
0.0
0.0
0.0
0.02406
V
144
N
145
143
158
130
D
0.79872
0.0
0.0
0.12854
0.04186
0.0
0.03088
V
145
N
146
144
159
131
D
0.37254
0.34043
0.2283
0.02697
0.03176
V
146
N
147
145
160
132
D
0.07701
0.0
0.62258
0.2417
0.05871
V
147
N
148
146
161
133
D
0.18993
0.0
0.0
0.26194
0.0
0.0
0.54813
V
148
N
147
162
134
D
0.52075
0.0
0.0
0.0
0.1508
0.32845
V
150
N
151
164
136
D
0.92553
0.0
0.0
0.0
0.0
0.07447
V
151
N
152
150
165
137
D
0.4692
0.0
0.17077
0.0
0.0
0.0
0.36003
V
152
N
153
151
166
138
D
0.7406
0.04158
0.0
0.13926
0.07856
V
153
N
154
152
167
139
D
0.05394
0.02549
0.0
0.0
0.92057
V
154
N
153
168
140
D
0.72967
0.0
0.0
0.0
0.0
0.27033
V
156
N
157
170
142
D
0.54861
0.0
0.0
0.08072
0.01734
0.35333
V
157
N
158
156
171
143
D
0.58122
0.0
0.04249
0.00023
0.02458
0.35148
V
158
N
159
157
172
144
D
0.27399
0.70891
0.00695
0.0
0.0
0.0
0.01015
V
159
N
160
158
173
145
D
0.10796
0.00552
0.00599
0.16641
0.10712
0.607
V
160
N
161
159
174
146
D
0.07016
0.0
0.0
0.24731
0.25543
0.23447
0.19263
V
161
N
162
160
175
147
D
0.08916
0.0
0.55584
0.01378
0.0
0.34122
V
162
N
161
176
148
D
0.46619
0.38438
0.0
0.02116
0.12827
V
164
N
165
178
150
D
0.24795
0.0
0.0
0.0
0.75205
V
165
N
166
164
179
151
D
0.27806
0.39388
0.0
0.0
0.24871
0.07935
V
166
N
167
165
180
152
D
0.70015
0.0
0.0
0.0
0.29985
V
167
N
168
166
181
153
D
0.01644
0.10241
0.0
0.00229
0.37611
0.50275
V
168
N
167
182
154
D
0.01012
0.0
0.0
0.04178
0.19273
0.75537
V
170
N
171
184
156
D
0.57889
0.0
0.0
0.25851
0.1626
V
171
N
172
170
185
157
D
0.01762
0.09056
0.0
0.0
0.00131
0.70022
0.19029
V
172
N
173
171
186
158
D
0.51239
0.0
0.45555
0.0
0.01392
0.0
0.01814
V
173
N
174
172
187
159
D
0.02412
0.0
0.0
0.32265
0.64714
0.0
0.00609
V
174
N
175
173
188
160
D
0.44363
0.00388
0.0
0.55249
V
175
N
176
174
189
161
D
0.12257
0.0
0.60837
0.0135
0.25556
V
176
N
177
175
190
162
D
0.235
0.0
0.0
0.0
0.765
V
177
N
178
176
D
0.01329
0.42981
0.16003
0.02892
0.09472
0.27323
V
178
N
179
177
192
164
D
0.15539
0.0
0.0
0.0
0.51829
0.32632
V
179
N
180
178
193
165
D
0.00821
0.0
0.0
0.12053
0.00113
0.0
0.87013
V
180
N
181
179
194
166
D
0.90147
0.09853
V
181
N
182
180
195
167
D
0.02316
0.08471
0.0
0.0
0.0
0.71079
0.18134
V
182
N
181
196
168
D
0.12437
0.05608
0.0
0.19927
0.0
0.01176
0.60852
V
184
N
185
198
170
D
0.32498
0.0
0.0
0.0
0.67502
V
185
N
186
184
199
171
D
0.09149
0.00563
0.0
0.55331
0.23208
0.00276
0.11473
V
186
N
187
185
200
172
D
0.41722
0.0
0.0
0.02344
0.0
0.55934
V
187
N
188
186
201
173
D
0.27113
0.0
0.40668
0.1107
0.0
0.0
0.21149
V
188
N
189
187
202
174
D
0.06231
0.1967
0.0
0.0
0.74099
V
189
N
190
188
203
175
D
0.81196
0.0
0.08594
0.05899
0.02794
0.0
0.01517
V
190
N
189
204
176
D
0.06545
0.61195
0.31425
0.0
0.00217
0.00618
V
192
N
193
206
178
D
0.27272
0.0
0.71045
0.0
0.0001
0.00082
0.01591
V
193
N
194
192
207
179
D
0.15946
0.3003
0.21589
0.28012
0.04423
V
194
N
195
193
208
180
D
0.10776
0.03158
0.0
0.0
0.43236
0.4283
V
195
N
196
194
209
181
D
0.07985
0.0
0.0
0.0
0.83415
0.086
V
196
N
195
210
182
D
0.4011
0.0
0.5989
V
198
N
199
184
D
0.90802
0.0
0.0
0.0
0.0
0.09198
V
199
N
200
198
185
D
0.85863
0.0
0.14137
V
200
N
201
199
186
D
0.02628
0.06025
0.20654
0.0
0.51468
0.0
0.19225
V
201
N
202
200
187
D
0.8778
0.0
0.0
0.0
0.01451
0.10769
V
202
N
203
201
188
D
0.80524
0.0
0.02761
0.0
0.07208
0.09507
V
203
N
204
202
189
D
0.01093
0.0
0.03725
0.06181
0.88016
0.00985
V
204
N
203
190
D
0.10772
0.0168
0.0
0.06638
0.11532
0.58364
0.11014
V
206
N
207
192
D
0.44526
0.0
0.00066
0.02897
0.30108
0.0
0.22403
V
207
N
208
206
193
D
0.09894
0.02143
0.0
0.69509
0.0
0.15559
0.02895
V
208
N
209
207
194
D
0.2206
0.0
0.0
0.7794
V
209
N
210
208
195
D
0.34963
0.0
0.52095
0.0
0.0
0.12942
V
210
N
209
196
D
0.02462
0.02286
0.77321
0.08122
0.07565
0.0
0.02244
