i_172_3_32_FR_den204d
32
den204d
A
0
28
22
14
A
1
28
26
13
A
2
28
24
17
V
28
N
44
D
0.67376
0.28765
0.00041
0.0
0.0
0.03537
0.00281
V
31
N
32
47
D
0.02163
0.0
0.88554
0.0477
0.0
0.04341
0.00172
V
32
N
31
48
D
0.82553
0.0
0.0
0.07598
0.0
0.0
0.09849
V
44
N
45
60
28
D
0.29296
0.58387
0.0
0.0
0.0
0.0
0.12317
V
45
N
46
44
D
0.05809
0.0
0.0
0.27935
0.0
0.66256
V
46
N
47
45
D
0.01541
0.0
0.12679
0.01384
0.0
0.00244
0.84152
V
47
N
48
46
63
31
D
0.23285
0.17039
0.0
0.0
0.01658
0.58018
V
48
N
47
64
32
D
0.01615
0.25563
0.00491
0.00015
0.69379
0.0
0.02937
V
50
N
66
D
0.09181
0.0
0.11518
0.15685
0.0
0.13635
0.49981
V
52
N
68
D
0.68062
0.0
0.0
0.0
0.31938
V
56
N
57
72
D
0.31679
0.04188
0.21175
0.0
0.04482
0.38476
V
57
N
56
73
D
0.7113
0.0
0.23606
0.05264
V
60
N
76
44
D
0.91958
0.0
0.0
0.0
0.0
0.0
0.08042
V
63
N
64
79
47
D
0.18797
0.02363
0.0
0.0
0.48208
0.1192
0.18712
V
64
N
63
80
48
D
0.21719
0.0
0.40952
0.0067
0.0
0.36659
V
66
N
67
82
50
D
0.29995
0.0
0.1083
0.0
0.59175
V
67
N
68
66
83
D
0.24404
0.41661
0.33935
V
68
N
69
67
84
52
D
0.17254
0.0
0.0
0.82746
V
69
N
70
68
85
D
0.18804
0.03329
0.0
0.77481
0.0
0.0
0.00386
V
70
N
71
69
86
D
0.39641
0.00034
0.07177
0.29463
0.0
0.23685
V
71
N
72
70
87
D
0.35206
0.23052
0.10133
0.06161
0.0
0.0
0.25448
V
72
N
73
71
88
56
D
0.14683
0.0
0.00019
0.01881
0.23512
0.59905
V
73
N
72
89
57
D
0.4275
0.23975
0.06492
0.24132
0.0
0.02651
V
76
N
77
92
60
D
0.08821
0.24357
0.0
0.66128
0.00694
V
77
N
78
76
93
D
0.0857
0.04922
0.0
0.02269
0.70416
0.13823
V
78
N
79
77
94
D
0.00221
0.0
0.95316
0.0439
0.0
0.00073
V
79
N
80
78
95
63
D
0.58923
0.0
0.0
0.02221
0.0
0.38856
V
80
N
79
96
64
D
0.96934
0.0
0.03066
V
82
N
83
98
66
D
0.23372
0.13468
0.01569
0.45251
0.0
0.0
0.1634
V
83
N
84
82
99
67
D
0.11121
0.0
0.00738
0.0
0.27177
0.60964
V
84
N
85
83
100
68
D
0.28813
0.00512
0.57351
0.0
0.0
0.05905
0.07419
V
85
N
86
84
101
69
D
0.13427
0.0
0.07616
0.0
0.02875
0.00162
0.7592
V
86
N
87
85
102
70
D
0.20648
0.0
0.0
0.0
0.76975
0.02377
V
87
N
88
86
103
71
D
0.0188
0.02433
0.01939
0.51201
0.42547
V
88
N
89
87
104
72
D
0.012
0.0
0.02314
0.0008
0.01235
0.0
0.95171
V
89
N
88
105
73
D
0.45954
0.0
0.0
0.37706
0.04072
0.12268
V
92
N
93
108
76
D
0.42202
0.0
0.0
0.0
0.48992
0.07864
0.00942
V
93
N
94
92
77
D
0.72479
0.00383
3e-05
0.27043
0.00092
V
94
N
95
93
110
78
D
0.00301
0.14427
0.0
0.02035
0.0
0.07474
0.75763
V
95
N
96
94
79
D
0.38157
0.0
0.0
0.61843
V
96
N
95
80
D
0.03309
0.03708
0.05272
0.00227
0.83539
0.0
0.03945
V
98
N
99
114
82
D
0.01174
0.14688
0.15765
0.0
0.0
0.54953
0.1342
V
99
N
100
98
115
83
D
0.07839
0.0
0.30094
0.26929
0.02449
0.16736
0.15953
V
100
N
101
99
116
84
D
0.19272
0.0152
0.22323
0.56885
V
101
N
102
100
117
85
D
0.98254
0.0
0.01746
V
102
N
103
101
118
86
D
0.20964
0.0
0.31869
0.12455
0.34592
0.0012
V
103
N
104
102
119
87
D
0.18834
0.0
0.01242
0.79924
V
104
N
105
103
120
88
D
0.09916
0.0
0.00309
0.21781
0.0
0.67559
0.00435
V
105
N
104
121
89
D
0.221
0.0
0.0
0.0
0.779
V
108
N
124
92
D
0.92174
0.0
0.0
0.06551
0.00032
0.01116
0.00127
V
110
N
126
94
D
0.69342
0.0
0.30658
V
114
N
115
130
98
D
0.71493
0.0
0.0
0.0
0.28507
V
115
N
116
114
131
99
D
0.11439
0.57667
0.0
0.30894
V
116
N
117
115
100
D
0.18068
0.0
0.0598
0.71423
0.04529
V
117
N
118
116
133
101
D
0.86157
0.0
0.0
0.0
0.03656
0.10187
V
118
N
119
117
102
D
0.00431
0.41988
0.19205
0.00098
0.38117
0.00161
V
119
N
120
118
135
103
D
0.12874
0.0
0.0
0.13646
0.55334
0.0
0.18146
V
120
N
121
119
104
D
0.14126
0.45887
0.3294
0.07047
V
121
N
122
120
137
105
D
0.101
0.0
0.00504
0.0
0.0
0.89396
V
122
N
123
121
138
D
0.01907
0.65286
0.00867
0.01637
0.00102
0.03874
0.26327
V
123
N
124
122
139
D
0.07779
0.01624
0.60032
0.0
0.0
0.16078
0.14487
V
124
N
125
123
140
108
D
0.5536
0.0
0.01783
0.09806
0.0
0.0
0.33051
V
125
N
126
124
141
D
0.91114
0.0
0.0
0.0
0.0
0.0
0.08886
V
126
N
127
125
142
110
D
0.03357
0.81488
0.0
0.03988
0.0
0.0
0.11167
V
127
N
128
126
143
D
0.09052
0.30867
0.53274
0.0
0.01049
0.05758
V
128
N
127
144
D
0.24412
0.39843
0.07541
0.05707
0.0
0.20317
0.0218
V
130
N
131
146
114
D
0.19593
0.0477
0.0
0.45797
0.05795
0.00078
0.23967
V
131
N
130
147
115
D
0.08584
0.0
0.91416
V
133
N
149
117
D
0.00044
0.0
0.4147
0.45506
0.0
0.00601
0.12379
V
135
N
151
119
D
0.06016
0.0
0.0
0.0
0.0
0.93984
V
137
N
138
121
D
0.01491
0.0
0.37078
0.0
0.55147
0.0
0.06284
V
138
N
139
137
154
122
D
0.60739
0.00692
0.0
0.0
0.0
0.0
0.38569
V
139
N
140
138
155
123
D
0.3359
0.0
0.50803
0.00445
0.00606
0.14556
V
140
N
141
139
156
124
D
0.16104
0.22116
0.04971
0.0
0.02578
0.0
0.54231
V
141
N
142
140
125
D
0.19089
0.0
0.0
0.0
0.0
0.0
0.80911
V
142
N
143
141
158
126
D
5e-05
0.0
5e-05
0.9999
V
143
N
144
142
159
127
D
0.00469
0.01064
0.22402
0.65269
0.00504
0.0877
0.01522
V
144
N
143
160
128
D
0.03302
0.35878
0.0
0.17794
0.0072
0.00192
0.42114
V
146
N
147
162
130
D
6e-05
0.36391
0.04966
0.23934
0.00403
0.00436
0.33864
V
147
N
148
146
163
131
D
0.8759
0.0
0.0
0.1241
V
148
N
149
147
164
D
0.15654
0.0
0.0
0.0
0.0024
0.34084
0.50022
V
149
N
150
148
165
133
D
0.02724
0.2647
0.056
0.17116
0.0
0.0
0.4809
V
150
N
151
149
166
D
0.01619
0.49104
0.01105
0.01243
0.36625
0.10304
V
151
N
152
150
167
135
D
0.2612
0.09439
0.0
0.6168
0.0
0.0
0.02761
V
152
N
151
168
D
0.00194
0.60731
0.0
0.35725
0.02207
0.00731
0.00412
V
154
N
155
170
138
D
0.37079
0.0
0.0
0.15315
0.45366
0.0
0.0224
V
155
N
156
154
171
139
D
0.11248
0.0
0.0
0.88752
V
156
N
155
172
140
D
0.10219
0.86473
0.0
0.0
0.0
0.03308
V
158
N
159
174
142
D
0.36753
0.0
0.0
0.0
0.63247
V
159
N
160
158
175
143
D
0.2357
0.68994
0.07436
V
160
N
159
176
144
D
0.71385
0.08409
0.11164
0.0
0.09042
V
162
N
163
178
146
D
0.55741
0.44259
V
163
N
164
162
179
147
D
0.38919
0.0
0.48929
0.0
0.0
0.0
0.12152
V
164
N
165
163
180
148
D
0.13671
0.18976
0.0
0.15698
0.0
0.30553
0.21102
V
165
N
166
164
181
149
D
0.08463
0.25481
0.01892
0.64022
0.0
0.0
0.00142
V
166
N
167
165
182
150
D
0.05043
0.0
0.25645
0.01278
0.0
0.68034
V
167
N
168
166
183
151
D
0.96194
0.0
0.0
0.0
0.03806
V
168
N
169
167
184
152
D
0.01949
0.0
0.0
0.0
0.01431
0.79354
0.17266
V
169
N
170
168
185
D
0.54565
0.0
0.0
0.0
0.45435
V
170
N
171
169
186
154
D
0.22136
0.0
0.0376
0.49274
0.13969
0.10861
V
171
N
172
170
187
155
D
0.00203
0.98643
0.01001
3e-05
0.0
1e-05
0.00149
V
172
N
173
171
188
156
D
0.14148
0.0
0.0
0.32139
0.26837
0.0
0.26876
V
173
N
174
172
189
D
0.01998
0.87001
0.0
0.11001
V
174
N
175
173
190
158
D
0.63867
0.0
0.24602
0.0
0.0
0.03933
0.07598
V
175
N
176
174
191
159
D
0.67915
0.0
0.0
0.0
0.17107
0.0
0.14978
V
176
N
175
192
160
D
0.802
0.198
V
178
N
179
194
162
D
0.00046
0.0
5e-05
0.12246
0.0
8e-05
0.87695
V
179
N
180
178
195
163
D
0.1879
0.04017
0.07648
0.30913
0.23516
0.0
0.15116
V
180
N
181
179
196
164
D
0.37658
0.3604
0.0
0.0
0.26302
V
181
N
182
180
197
165
D
0.26841
0.0
0.3913
0.0
0.0
0.34029
V
182
N
183
181
198
166
D
0.00019
0.99981
V
183
N
184
182
199
167
D
0.82306
0.13436
0.0
0.0
0.0
0.04258
V
184
N
185
183
200
168
D
0.4182
0.0
0.5818
V
185
N
186
184
201
169
D
0.2743
0.27127
0.0
0.0
0.0
0.0
0.45443
V
186
N
187
185
202
170
D
0.02733
0.0
0.01443
0.37414
0.49962
0.0
0.08448
V
187
N
188
186
203
171
D
0.00296
0.00077
0.81764
0.01028
0.0
0.16835
V
188
N
189
187
204
172
D
0.94824
0.0
0.05176
V
189
N
190
188
173
D
0.60573
0.0
0.07922
0.29086
0.0
0.0
0.02419
V
190
N
191
189
206
174
D
0.45596
0.0
0.0
0.0
0.20965
0.33439
V
191
N
192
190
207
175
D
0.24643
0.0
0.0
0.0
0.0
0.65004
0.10353
V
192
N
191
208
176
D
0.04714
0.01152
0.47883
0.0
0.4166
0.04519
0.00072
V
194
N
195
210
178
D
0.07348
0.0
0.0
0.0
0.0
0.44605
0.48047
V
195
N
196
194
211
179
D
0.40699
0.40528
0.0
0.0
0.00477
0.0
0.18296
V
196
N
197
195
212
180
D
0.49276
0.0
0.2903
0.19507
0.00336
0.01851
V
197
N
198
196
213
181
D
0.76556
0.01777
0.0
0.0
0.21667
V
198
N
199
197
214
182
D
0.42825
0.57175
V
199
N
200
198
215
183
D
0.54068
0.01022
0.0
0.29659
0.0
0.0
0.15251
V
200
N
201
199
216
184
D
0.61111
0.0
0.0
0.03695
0.0
0.0
0.35194
V
201
N
202
200
217
185
D
0.4249
0.0
0.0
0.35656
0.0
0.0
0.21854
V
202
N
203
201
218
186
D
0.31836
0.0
0.68164
V
203
N
204
202
219
187
D
0.81873
0.0
0.18127
V
204
N
203
220
188
D
0.03075
0.37283
0.0
0.34039
0.00867
0.24736
V
206
N
207
222
190
D
0.10146
0.0
0.0
0.0
0.39497
0.50357
V
207
N
208
206
191
D
0.02764
0.05818
0.62063
0.19681
0.0955
0.00124
V
208
N
207
224
192
D
0.00802
0.0
0.44809
0.52114
0.02275
V
210
N
211
226
194
D
0.3337
0.0
0.15789
0.29641
0.0
0.0
0.212
V
211
N
212
210
227
195
D
0.35073
0.0
0.0689
0.1429
0.0
0.11262
0.32485
V
212
N
213
211
228
196
D
0.05784
0.0
0.0
0.0
0.0
0.41993
0.52223
V
213
N
214
212
229
197
D
0.1835
0.0
0.17868
0.55181
0.08601
V
214
N
215
213
230
198
D
0.01292
0.78816
0.0
0.00863
0.07232
0.11797
V
215
N
216
214
231
199
D
0.57094
0.02368
0.0
0.24711
0.13396
0.0
0.02431
V
216
N
217
215
200
D
0.13135
0.0
0.0
0.0
0.86865
V
217
N
218
216
233
201
D
0.00984
0.0
0.0
0.33406
0.0
0.64631
0.00979
V
218
N
219
217
234
202
D
0.19838
0.0
0.42107
0.0
0.0
0.27885
0.1017
V
219
N
220
218
235
203
D
0.07221
0.14196
0.00716
0.0
0.00053
0.0
0.77814
V
220
N
221
219
236
204
D
0.83403
0.16597
V
221
N
222
220
237
D
0.80406
0.0
0.0
0.0
0.19594
V
222
N
221
238
206
D
0.14892
0.0
0.00799
0.0
0.46524
0.37785
V
224
N
208
D
0.07401
0.58692
0.3071
0.0
0.0
0.03197
V
226
N
227
242
210
D
0.63262
0.0
0.36738
V
227
N
228
226
243
211
D
0.60603
2e-05
0.05598
0.00523
0.18324
0.1495
V
228
N
229
227
244
212
D
0.16375
0.0
0.19309
0.17483
0.0
0.46833
V
229
N
230
228
245
213
D
0.92052
0.04813
0.00245
0.0
0.0
0.0
0.0289
V
230
N
231
229
246
214
D
0.09093
0.21562
0.02193
0.04487
0.61493
0.0
0.01172
V
231
N
230
247
215
D
0.02049
0.0
0.0
0.0
0.97951
V
233
N
234
249
217
D
0.03591
0.05687
0.0
0.0
0.75859
0.0
0.14863
V
234
N
235
233
218
D
0.09752
0.0
0.19247
0.0
0.03253
0.67748
V
235
N
236
234
251
219
D
0.55101
0.0
0.02575
0.19925
0.22399
V
236
N
237
235
220
D
0.00409
0.10111
0.80673
0.0
0.0
0.07984
0.00823
V
237
N
238
236
221
D
0.62439
0.0
0.0
0.0596
0.0
0.25645
0.05956
V
238
N
239
237
254
222
D
0.65919
0.0
0.0
0.0
0.0
0.34081
V
239
N
238
D
0.26853
0.14545
0.32988
0.0
0.25614
V
242
N
243
226
D
0.08115
0.00435
0.0
0.11233
0.75744
0.029
0.01573
V
243
N
244
242
227
D
0.76804
0.14441
0.0
0.0
0.02731
0.0
0.06024
V
244
N
245
243
228
D
0.48349
0.0
0.0
0.0
0.51651
V
245
N
246
244
229
D
0.08174
0.0
0.08567
0.83259
V
246
N
247
245
230
D
0.05966
0.03419
0.28418
0.0
0.0
0.0
0.62197
V
247
N
248
246
231
D
0.31123
0.68383
0.0
0.0
0.00494
V
248
N
249
247
D
0.39108
0.01839
0.03139
0.0
0.55251
0.00431
0.00232
V
249
N
248
233
D
0.48849
0.0
0.0
0.0
0.0
0.0
0.51151
V
251
N
235
D
0.31592
0.0
0.0
0.0
0.1267
0.55738
V
254
N
238
D
0.13057
0.0
0.0
0.12821
0.0
0.74122
