i_189_6_58_FR_lgt605d
58
lgt605d
A
0
54
38
40
A
1
54
45
26
A
2
54
40
9
A
3
54
40
30
A
4
54
54
18
A
5
54
56
4
V
54
N
81
D
0.02906
0.0
0.0
0.78419
0.0
0.18675
V
78
N
79
105
D
0.09302
0.0
0.0
0.18291
0.72407
V
79
N
80
78
106
D
0.07241
0.01231
0.01626
0.0
0.04214
0.85688
V
80
N
81
79
107
D
0.63627
0.0
0.0
0.0
0.13986
0.22387
V
81
N
80
108
54
D
0.20732
0.01127
0.25124
0.0
0.08818
0.44199
V
99
N
100
126
D
0.01144
0.00842
0.0
0.00099
0.03194
0.94721
V
100
N
101
99
127
D
0.83552
0.0
0.0
0.16448
V
101
N
102
100
128
D
0.04613
0.0
0.0589
0.0
0.52303
0.1918
0.18014
V
102
N
103
101
129
D
0.12171
0.0
0.01572
0.0
0.00339
0.85448
0.0047
V
103
N
104
102
130
D
0.1004
0.63139
0.00397
0.0
0.0
0.00647
0.25777
V
104
N
105
103
131
D
0.14811
0.0
0.0
0.0
0.0
0.0
0.85189
V
105
N
106
104
132
78
D
0.00398
0.0
0.0
0.08213
0.0
0.47119
0.4427
V
106
N
107
105
133
79
D
0.00359
0.0
0.00148
0.0
0.46232
0.0
0.53261
V
107
N
108
106
80
D
0.24955
0.0
0.0
0.0
0.0
0.4669
0.28355
V
108
N
107
81
D
0.94494
0.0
0.02203
0.0
0.0
0.03303
V
110
N
137
D
0.31982
0.0
0.0
0.68018
V
115
N
116
142
D
0.01856
0.0
0.0
0.05578
0.72147
0.0024
0.20179
V
116
N
117
115
143
D
0.00911
0.0
0.0
0.99089
V
117
N
118
116
144
D
0.49771
0.0
0.0
0.04933
0.22203
0.10756
0.12337
V
118
N
119
117
145
D
0.00938
0.50055
0.46823
0.01707
0.0
0.00358
0.00119
V
119
N
120
118
146
D
0.17385
0.0
0.4163
0.0
0.18679
0.22306
V
120
N
121
119
147
D
0.85109
0.14891
V
121
N
122
120
148
D
0.15614
0.13938
0.04101
0.02735
0.63612
V
122
N
123
121
149
D
0.01584
0.00719
0.0
0.0
0.87427
0.00676
0.09594
V
123
N
124
122
150
D
0.0082
0.0
0.00932
0.0
0.98178
0.0
0.0007
V
124
N
125
123
151
D
0.84527
0.0
0.0
0.14451
0.0
0.01022
V
125
N
126
124
152
D
0.60766
0.20368
0.03699
0.00237
0.14863
0.0
0.00067
V
126
N
127
125
153
99
D
0.09797
0.22632
0.0
0.08282
0.05311
0.0
0.53978
V
127
N
128
126
154
100
D
0.07193
0.0
0.0
0.0
0.04775
0.56316
0.31716
V
128
N
129
127
155
101
D
0.32589
0.67411
V
129
N
130
128
156
102
D
0.70347
0.0
0.29653
V
130
N
131
129
157
103
D
0.59042
0.07721
0.0
0.0
0.24861
0.08376
V
131
N
132
130
158
104
D
0.72201
0.26929
0.0087
V
132
N
133
131
159
105
D
0.02358
0.0
0.8279
0.0
0.11421
0.0
0.03431
V
133
N
132
106
D
0.18636
0.50782
0.0
0.0
0.0
0.30582
V
137
N
138
164
110
D
0.5106
0.01098
0.0
0.13249
0.0
0.34593
V
138
N
139
137
165
D
0.26457
0.0
0.23789
0.02601
0.47153
V
139
N
140
138
166
D
0.00295
0.0636
0.00562
0.03053
0.0
0.69833
0.19897
V
140
N
141
139
167
D
0.24259
0.0
0.20264
0.0
0.0
0.27243
0.28234
V
141
N
142
140
168
D
0.01106
0.01022
0.62243
0.19135
0.11994
0.03728
0.00772
V
142
N
143
141
169
115
D
0.37608
0.0
0.29801
0.32591
V
143
N
144
142
170
116
D
0.14197
0.0
0.00128
0.63211
0.12764
0.01012
0.08688
V
144
N
145
143
171
117
D
0.18029
0.69458
0.02536
0.05845
0.04132
V
145
N
146
144
172
118
D
0.70661
0.0
0.29339
V
146
N
147
145
173
119
D
0.13485
0.0
0.0
0.0
0.86515
V
147
N
148
146
174
120
D
0.97938
0.0
0.02062
V
148
N
149
147
175
121
D
0.0034
0.04535
0.0
0.00017
0.0
0.00011
0.95097
V
149
N
150
148
176
122
D
0.33166
0.50056
0.05902
0.02317
0.0
0.0
0.08559
V
150
N
151
149
177
123
D
0.2283
0.0
0.02381
0.74789
V
151
N
152
150
178
124
D
0.02577
0.20437
0.0
0.00868
0.74539
0.0
0.01579
V
152
N
153
151
179
125
D
0.15694
0.0
0.0
0.0
0.0
0.14297
0.70009
V
153
N
154
152
180
126
D
0.65805
0.0
0.0
0.0
0.0
0.16044
0.18151
V
154
N
155
153
181
127
D
0.97694
0.0
0.02306
V
155
N
156
154
182
128
D
0.28251
0.03619
0.01502
0.004
0.58114
0.0
0.08114
V
156
N
157
155
183
129
D
0.41662
0.0
0.0
0.0
0.0
0.0
0.58338
V
157
N
158
156
184
130
D
0.00518
0.0
0.27862
0.0
0.47944
0.14979
0.08697
V
158
N
159
157
185
131
D
0.40026
0.0
0.0
0.0
0.0
0.05062
0.54912
V
159
N
158
132
D
0.00207
0.01128
0.59364
0.29104
0.01279
0.00016
0.08902
V
164
N
165
137
D
0.55967
0.0
0.0
0.0
0.0
0.0
0.44033
V
165
N
166
164
138
D
0.24212
0.0
0.0
0.0
0.0
0.75788
V
166
N
167
165
139
D
0.00698
0.31668
0.0
0.0
0.67634
V
167
N
168
166
194
140
D
0.01349
0.06837
0.0
0.19062
0.04391
0.6713
0.01231
V
168
N
169
167
195
141
D
0.04708
0.0
0.0
0.95292
V
169
N
170
168
196
142
D
0.02677
0.95267
0.00151
0.00022
0.01883
V
170
N
171
169
197
143
D
0.70743
0.07252
0.22005
V
171
N
172
170
198
144
D
0.30208
0.30131
0.0701
0.0
0.06636
0.044
0.21615
V
172
N
173
171
199
145
D
0.96337
0.0
0.0
0.0
0.0
0.0
0.03663
V
173
N
174
172
200
146
D
0.37603
0.23926
0.16091
0.08667
0.13713
V
174
N
175
173
201
147
D
0.00074
0.08663
0.0
0.84897
0.0
0.03122
0.03244
V
175
N
176
174
202
148
D
0.36226
0.0
0.54331
0.01152
0.0
0.0
0.08291
V
176
N
177
175
203
149
D
0.19891
0.0
0.21774
0.02473
0.0
0.55862
V
177
N
178
176
204
150
D
0.13581
0.00647
0.33691
0.37832
0.0
0.0
0.14249
V
178
N
179
177
205
151
D
0.0038
0.09821
0.00163
0.0
0.83713
0.05923
V
179
N
180
178
206
152
D
0.19113
0.43304
0.0
0.06574
0.14617
0.16392
V
180
N
181
179
207
153
D
0.44218
0.0
0.39761
0.0
0.0
0.0
0.16021
V
181
N
182
180
208
154
D
0.39784
0.0
0.0
0.0
0.38166
0.0
0.2205
V
182
N
183
181
209
155
D
0.45083
0.00023
0.46525
0.03917
0.0
0.04452
V
183
N
184
182
210
156
D
0.23838
0.6276
0.0
0.0
0.0
0.0
0.13402
V
184
N
185
183
211
157
D
0.00156
0.0
0.0
0.0
0.21435
0.78409
V
185
N
184
212
158
D
0.0616
0.47875
0.0
0.0
0.0
0.0
0.45965
V
194
N
195
167
D
0.01
0.09192
0.0
0.0711
0.19129
0.63569
V
195
N
196
194
168
D
0.01744
0.0
0.09984
0.0
0.08992
0.07423
0.71857
V
196
N
197
195
223
169
D
0.0733
0.0
0.63073
0.25826
0.0
0.03771
V
197
N
198
196
224
170
D
0.12906
0.00054
0.61961
0.15252
0.07215
0.02612
V
198
N
199
197
225
171
D
0.95729
0.04271
V
199
N
200
198
226
172
D
0.09198
0.44068
0.0
0.0
0.40275
0.03767
0.02692
V
200
N
201
199
227
173
D
0.47946
0.50693
0.01361
V
201
N
202
200
228
174
D
0.82685
0.0
0.11333
0.0
0.0
0.05982
V
202
N
203
201
229
175
D
0.3527
0.0
0.0
0.0
0.14018
0.50712
V
203
N
204
202
230
176
D
0.57316
0.02834
0.1063
0.24006
0.0
0.05214
V
204
N
205
203
231
177
D
0.37393
0.0
0.0
0.0
0.57586
0.0
0.05021
V
205
N
206
204
232
178
D
0.26792
0.56907
0.08022
0.0
0.0
0.0253
0.05749
V
206
N
207
205
233
179
D
0.20946
0.0
0.7639
0.0
0.02664
V
207
N
208
206
234
180
D
0.02329
0.0
0.018
0.0
0.613
0.3318
0.01391
V
208
N
209
207
235
181
D
0.18142
0.0
0.0
0.5404
0.01738
0.0
0.2608
V
209
N
210
208
236
182
D
0.06159
0.08129
0.0
0.0
0.85712
V
210
N
211
209
237
183
D
0.03241
0.0
0.00058
0.00013
0.0
0.96688
V
211
N
212
210
238
184
D
0.55714
0.0
0.0
0.0
0.44286
V
212
N
211
185
D
0.50717
0.0
0.0
0.0
0.49283
V
223
N
224
196
D
0.00406
0.46091
0.07866
0.0
0.0
0.45637
V
224
N
225
223
197
D
0.38647
0.61353
V
225
N
226
224
252
198
D
0.17704
0.0
0.58374
0.19891
0.0
0.0
0.04031
V
226
N
227
225
253
199
D
0.50751
0.0
0.0
0.49249
V
227
N
228
226
254
200
D
0.36693
0.074
0.0
0.0
0.0
0.55907
V
228
N
229
227
255
201
D
0.60655
0.27669
0.0
0.0
0.0
0.0
0.11676
V
229
N
230
228
256
202
D
0.25324
0.04547
0.02982
0.0
0.25732
0.41415
V
230
N
231
229
257
203
D
0.02602
0.0
0.41064
0.0
0.0
0.08734
0.476
V
231
N
232
230
258
204
D
0.0003
0.0
0.09231
0.0289
0.09674
0.0
0.78175
V
232
N
233
231
259
205
D
0.00528
0.16281
0.0
0.0
0.29238
0.16017
0.37936
V
233
N
234
232
260
206
D
0.62522
0.32488
0.02075
0.0
0.0
0.02915
V
234
N
235
233
261
207
D
0.09113
0.0
0.0
0.29388
0.02976
0.34622
0.23901
V
235
N
236
234
262
208
D
0.787
0.213
V
236
N
237
235
263
209
D
0.6376
0.01307
0.0
0.34933
V
237
N
238
236
210
D
0.79792
0.0
0.0
0.15546
0.0
0.0
0.04662
V
238
N
237
211
D
0.34233
0.0
0.0
0.0
0.65767
V
252
N
253
279
225
D
0.0777
0.02598
0.86221
0.0
0.0
0.03411
V
253
N
254
252
280
226
D
0.0508
0.04831
0.0
0.2503
0.47657
0.17402
V
254
N
255
253
281
227
D
0.53355
0.0
0.31698
0.00285
0.07331
0.07331
V
255
N
256
254
282
228
D
0.41108
0.0
0.01174
0.27039
0.02676
0.0
0.28003
V
256
N
257
255
283
229
D
0.33204
0.0
0.0
0.66796
V
257
N
258
256
284
230
D
0.00298
0.0113
0.00933
0.0
0.97639
V
258
N
259
257
285
231
D
0.0154
0.07879
0.7211
0.0
0.17895
0.00576
V
259
N
260
258
286
232
D
0.35708
0.0
0.0
0.08363
0.39926
0.0
0.16003
V
260
N
261
259
287
233
D
0.62605
0.0
0.11994
0.0
0.0
0.0
0.25401
V
261
N
262
260
288
234
D
0.6091
0.0
0.0
0.0
0.0
0.0
0.3909
V
262
N
263
261
289
235
D
0.09102
0.06852
0.0
0.0
0.6184
0.19303
0.02903
V
263
N
262
236
D
0.22004
0.0
0.00027
0.02212
0.09007
0.0
0.6675
V
279
N
280
306
252
D
0.05305
0.75121
0.0
0.19574
V
280
N
281
279
307
253
D
0.01932
0.06633
0.3171
0.35014
0.20513
0.0
0.04198
V
281
N
282
280
308
254
D
0.07708
0.01566
0.0
0.04909
0.85817
V
282
N
283
281
309
255
D
0.97722
0.00404
0.00646
0.00678
0.0
0.0
0.0055
V
283
N
284
282
310
256
D
0.78764
0.0
0.0
0.0
0.10936
0.0
0.103
V
284
N
285
283
311
257
D
0.99476
0.0
0.00208
0.0
0.0
0.00316
V
285
N
286
284
312
258
D
0.60931
0.0
0.36394
0.0
0.0
0.0
0.02675
V
286
N
287
285
313
259
D
0.22242
0.0
0.10209
0.54954
0.0
0.0
0.12595
V
287
N
288
286
314
260
D
0.43664
0.0
0.47619
0.0
0.04291
0.0
0.04426
V
288
N
289
287
315
261
D
0.04696
0.21296
0.00622
0.0
0.45305
0.28081
V
289
N
288
316
262
D
0.01194
0.00238
0.0
0.07816
0.00122
0.9063
V
306
N
307
279
D
0.082
0.12656
0.30053
0.0
0.0
0.10469
0.38622
V
307
N
308
306
280
D
0.14648
0.0
0.59913
0.0
0.0
0.25439
V
308
N
309
307
281
D
0.07407
0.0
0.08995
0.64207
0.19391
V
309
N
310
308
282
D
0.08508
0.0
0.34716
0.0
0.0077
0.0
0.56006
V
310
N
311
309
337
283
D
0.37838
0.62162
V
311
N
312
310
338
284
D
0.06898
0.14817
0.0
0.537
0.23368
0.01217
V
312
N
313
311
339
285
D
0.35496
0.0
0.00013
0.11967
0.0
0.01885
0.50639
V
313
N
314
312
340
286
D
0.1602
0.06158
0.0131
0.00439
0.1305
0.0
0.63023
V
314
N
315
313
341
287
D
0.02841
0.04824
0.0
0.17381
0.60603
0.14351
V
315
N
316
314
342
288
D
0.30392
0.17252
0.0
0.0
0.52356
V
316
N
315
343
289
D
0.0919
0.07368
0.077
0.00367
0.0
0.75375
V
337
N
338
364
310
D
0.04839
0.0
0.072
0.67269
0.0
0.03442
0.1725
V
338
N
339
337
365
311
D
0.13792
0.3595
0.0
0.05334
0.0
0.44924
V
339
N
340
338
366
312
D
0.14764
0.0
0.18465
0.0
0.60497
0.02477
0.03797
V
340
N
341
339
367
313
D
0.31474
0.0186
0.02374
0.09326
0.24223
0.30743
V
341
N
342
340
368
314
D
0.06634
0.84006
0.0
0.0
0.0
0.0936
V
342
N
343
341
369
315
D
0.0506
0.60087
0.10135
0.0
0.0
0.00431
0.24287
V
343
N
342
316
D
0.16196
0.11018
0.0
0.0
0.0
0.0
0.72786
V
364
N
365
391
337
D
0.35766
0.0
0.00561
0.48646
0.04138
0.0
0.10889
V
365
N
366
364
392
338
D
0.12326
0.12441
0.0
0.0
0.0
0.74748
0.00485
V
366
N
367
365
393
339
D
0.04779
0.0
0.0
0.31657
0.00657
0.62907
V
367
N
368
366
340
D
0.18742
0.0
0.0
0.0
0.0
0.0
0.81258
V
368
N
369
367
341
D
0.06033
0.0
0.08353
0.84285
0.0132
0.0
9e-05
V
369
N
368
342
D
0.02988
0.0
0.0
0.0
0.97012
V
391
N
392
418
364
D
0.70036
0.00513
0.00843
0.0
0.28608
V
392
N
393
391
419
365
D
0.00166
0.01549
0.47492
0.0
0.0
0.0
0.50793
V
393
N
392
366
D
0.02229
0.0
0.97771
V
417
N
418
444
D
0.0012
0.00297
0.30276
0.0
0.28507
0.00137
0.40663
V
418
N
419
417
445
391
D
0.02494
0.0
0.92365
0.04209
0.0
0.0
0.00932
V
419
N
418
446
392
D
0.50223
0.33639
0.0
0.0
0.07596
0.0
0.08542
V
441
N
442
468
D
0.31227
0.58308
0.02924
0.0
0.07541
V
442
N
443
441
469
D
0.64263
0.0
0.05448
0.0
0.30289
V
443
N
444
442
470
D
0.56587
0.08183
0.0
0.01593
0.16132
0.0
0.17505
V
444
N
445
443
471
417
D
0.23887
0.26746
0.15866
0.0
0.0
0.0
0.33501
V
445
N
446
444
472
418
D
0.27691
0.0
0.0149
0.00122
0.67894
0.02803
V
446
N
445
473
419
D
0.65314
0.0
0.34686
V
467
N
468
494
D
0.03872
0.0
0.04816
0.80936
0.0
0.08648
0.01728
V
468
N
469
467
495
441
D
0.15106
0.35083
0.19652
0.0
0.0
0.0
0.30159
V
469
N
470
468
496
442
D
0.04578
0.10791
0.0
0.06789
0.1581
0.62032
V
470
N
471
469
497
443
D
0.20898
0.0
0.57832
0.07418
0.13852
V
471
N
472
470
498
444
D
0.006
0.02041
0.67508
0.26725
0.0
0.03126
V
472
N
473
471
499
445
D
0.91147
0.04048
0.04805
V
473
N
472
446
D
0.02616
0.9597
0.0
0.01414
V
494
N
495
467
D
0.46712
0.29431
0.0
0.0
0.0
0.0
0.23857
V
495
N
496
494
468
D
0.03395
0.48917
0.0
0.12049
0.35639
V
496
N
497
495
523
469
D
0.09058
0.08805
0.0
0.01022
0.0
0.0
0.81115
V
497
N
498
496
524
470
D
0.57915
0.00264
0.0005
0.13065
0.28625
0.00081
V
498
N
499
497
471
D
0.24792
0.00135
0.21365
0.12894
0.0
0.40814
V
499
N
498
472
D
0.00088
0.07501
0.0
0.0
0.0
0.04946
0.87465
V
523
N
524
496
D
0.30821
0.0
0.0
0.55911
0.13268
V
524
N
523
497
D
0.33893
0.0
0.0
0.12542
0.0
0.0
0.53565
