i_180_5_21_FR_X
21
X
A
0
1
17
7
A
1
1
20
9
A
2
1
18
13
A
3
1
17
3
A
4
1
11
13
V
1
N
2
16
D
0.1807
0.4889
0.0
0.0913
0.2344
V
2
N
3
1
17
D
0.6074
0.0104
0.1109
0.1654
0.0
V
3
N
4
2
18
D
0.1185
0.0437
0.7176
0.0325
0.0877
V
4
N
5
3
19
D
0.0209
0.0
0.1514
0.6981
0.0048
0.1241
V
5
N
6
4
20
D
0.5608
0.3231
0.0028
0.0
V
6
N
7
5
21
D
0.1879
0.301
0.5111
V
7
N
8
6
22
D
0.0314
0.8083
0.0522
0.0
V
8
N
9
7
23
D
0.288
0.3778
0.0
0.0
V
9
N
10
8
24
D
0.183
0.0
V
10
N
11
9
25
D
0.6471
0.0
V
11
N
12
10
26
D
0.7069
0.0
V
12
N
13
11
27
D
0.2807
0.2179
0.0
V
13
N
14
12
28
D
0.1004
0.0
0.0
V
14
N
15
13
29
D
0.3104
0.0
0.0
V
15
N
14
30
D
0.0121
0.0147
0.2049
0.7401
0.0
V
16
N
17
31
1
D
0.3838
0.0
0.0
0.0
V
17
N
18
16
32
2
D
0.0195
0.2577
0.2716
0.0095
0.2383
0.0
V
18
N
19
17
33
3
D
0.0358
0.2244
0.0
V
19
N
20
18
34
4
D
0.0188
0.0023
0.0
0.4194
0.0154
V
20
N
21
19
35
5
D
0.7407
0.0
V
21
N
22
20
36
6
D
0.0108
0.1483
0.0
0.0266
0.0
V
22
N
23
21
37
7
D
0.414
0.3657
0.0227
0.0
0.0
V
23
N
24
22
38
8
D
0.2355
0.3357
0.0
0.1365
V
24
N
25
23
39
9
D
0.2642
0.7166
0.0
V
25
N
26
24
40
10
D
0.3937
0.0023
0.029
0.0
0.2441
0.0103
V
26
N
27
25
41
11
D
0.9985
0.0
0.0
0.0
0.0012
0.0003
V
27
N
28
26
42
12
D
0.6941
0.0858
0.0
V
28
N
29
27
43
13
D
0.5919
0.0
0.2847
V
29
N
30
28
44
14
D
0.056
0.2156
0.0341
0.0
0.1045
0.018
V
30
N
29
45
15
D
0.4017
0.4326
0.0085
0.0
V
31
N
32
46
16
D
0.0464
0.0104
0.8745
0.0275
0.0162
0.025
V
32
N
33
31
47
17
D
0.8611
0.0
V
33
N
34
32
48
18
D
0.3373
0.0228
0.0
0.0
V
34
N
35
33
49
19
D
0.0394
0.0482
0.0
V
35
N
36
34
50
20
D
0.3755
0.0
V
36
N
37
35
51
21
D
0.1397
0.0
0.327
0.1046
0.0
V
37
N
38
36
52
22
D
0.9615
0.0
V
38
N
39
37
53
23
D
0.0
0.0002
0.397
0.5386
0.0007
0.0
V
39
N
40
38
54
24
D
0.949
0.0
V
40
N
41
39
55
25
D
0.7179
0.0
V
41
N
42
40
56
26
D
0.0735
0.0
0.0
0.0
V
42
N
43
41
57
27
D
0.9705
0.0055
0.0
V
43
N
44
42
58
28
D
0.2616
0.0
0.0
0.0899
0.3162
V
44
N
45
43
59
29
D
0.5044
0.0
V
45
N
44
60
30
D
0.0494
0.4292
0.0065
0.0
0.0936
V
46
N
47
61
31
D
0.2512
0.1691
0.0
0.0791
0.0
V
47
N
48
46
62
32
D
0.7779
0.0
V
48
N
49
47
63
33
D
0.0054
0.0681
0.2358
0.6611
0.0
V
49
N
50
48
64
34
D
0.7709
0.0
V
50
N
51
49
65
35
D
0.3093
0.1265
0.0
0.2022
0.3435
V
51
N
52
50
66
36
D
0.4077
0.5923
V
52
N
53
51
67
37
D
0.0113
0.0
0.4659
0.4652
V
53
N
54
52
68
38
D
0.0178
0.0902
0.0524
0.0
0.2667
0.4704
V
54
N
55
53
69
39
D
0.2636
0.0
0.0
V
55
N
56
54
70
40
D
0.0033
0.0
0.0
0.3659
0.2567
V
56
N
57
55
71
41
D
0.0534
0.0
0.0
0.9078
V
57
N
58
56
72
42
D
0.2786
0.0
0.3928
0.1429
0.134
0.0366
V
58
N
59
57
73
43
D
0.0201
0.0
0.2004
V
59
N
60
58
74
44
D
0.6291
0.0
V
60
N
59
75
45
D
0.1453
0.0
0.0
V
61
N
62
76
46
D
0.2133
0.0
0.0
V
62
N
63
61
77
47
D
0.6037
0.2438
0.0168
0.0
V
63
N
64
62
78
48
D
0.0084
0.1254
0.0331
0.0
0.0038
V
64
N
65
63
79
49
D
0.0663
0.0
0.0972
0.0
V
65
N
66
64
80
50
D
0.5136
0.0
0.0283
0.0808
0.1352
V
66
N
67
65
81
51
D
0.1482
0.2242
0.0
0.0
V
67
N
68
66
82
52
D
0.2055
0.0
0.0068
0.7313
0.0191
V
68
N
69
67
83
53
D
0.5986
0.0
V
69
N
70
68
84
54
D
0.0754
0.2514
0.0
V
70
N
71
69
85
55
D
0.006
0.0003
0.0
0.0661
0.0
V
71
N
72
70
86
56
D
0.0042
0.0234
0.0314
0.1288
0.1038
0.7084
V
72
N
73
71
87
57
D
0.0352
0.5169
0.0099
0.0044
0.3526
0.081
V
73
N
74
72
88
58
D
0.0296
0.0
0.0
0.0
V
74
N
75
73
89
59
D
0.0388
0.0
0.7926
0.0
V
75
N
74
90
60
D
0.481
0.0
0.145
0.3065
V
76
N
77
91
61
D
0.0148
0.2307
0.5277
0.0
V
77
N
78
76
92
62
D
0.3959
0.1645
0.0
0.0344
0.1619
0.1045
V
78
N
79
77
93
63
D
0.0657
0.8346
0.0
V
79
N
80
78
94
64
D
0.4772
0.3594
0.1263
0.0304
0.0
V
80
N
81
79
95
65
D
0.0037
0.7788
0.0
0.0329
0.1008
V
81
N
82
80
96
66
D
0.1241
0.0
0.0
V
82
N
83
81
97
67
D
0.8576
0.0183
0.0
0.0044
0.089
V
83
N
84
82
98
68
D
0.9092
0.0
0.0029
0.0
V
84
N
85
83
99
69
D
0.1795
0.0762
0.467
0.0455
0.2318
V
85
N
86
84
100
70
D
0.9014
0.0015
0.0
0.0017
0.0
V
86
N
87
85
101
71
D
0.4542
0.0
0.0003
0.0
V
87
N
88
86
102
72
D
0.0445
0.0
0.0
0.0
V
88
N
89
87
103
73
D
0.8446
0.1192
0.0
0.0
0.0111
V
89
N
90
88
104
74
D
0.3412
0.0
V
90
N
89
105
75
D
0.0955
0.0
0.0
0.0
V
91
N
92
106
76
D
0.8676
0.0331
0.0
0.0
V
92
N
93
91
107
77
D
0.3526
0.0
0.3034
0.0
V
93
N
94
92
108
78
D
0.7268
0.0
V
94
N
95
93
109
79
D
0.0012
0.1528
0.1519
0.6306
0.0162
0.0141
0.0332
V
95
N
96
94
110
80
D
0.6905
0.0886
0.0
0.0
V
96
N
97
95
111
81
D
0.0786
0.0
0.1494
V
97
N
98
96
112
82
D
0.1282
0.1568
0.0069
0.0
0.679
0.0051
V
98
N
99
97
113
83
D
0.1468
0.0039
0.2118
0.3298
0.0
V
99
N
100
98
114
84
D
0.0235
0.0009
0.0013
0.0888
0.0048
0.0
V
100
N
101
99
115
85
D
0.0677
0.0
0.4465
V
101
N
102
100
116
86
D
0.0465
0.1011
0.0
0.0
V
102
N
103
101
117
87
D
0.0175
0.0
0.0276
0.0
V
103
N
104
102
118
88
D
0.0593
0.8313
0.0
V
104
N
105
103
119
89
D
0.2896
0.0072
0.0
0.6087
0.0008
V
105
N
104
120
90
D
0.4094
0.0
0.0
0.0534
V
106
N
107
121
91
D
0.1556
0.071
0.0
V
107
N
108
106
122
92
D
0.0623
0.7077
0.2089
0.0
V
108
N
109
107
123
93
D
0.1238
0.0
0.0012
0.022
0.0
V
109
N
110
108
124
94
D
0.4456
0.0
0.0
V
110
N
111
109
125
95
D
0.1973
0.1437
0.0
V
111
N
112
110
126
96
D
0.4231
0.0
0.0907
0.0
V
112
N
113
111
127
97
D
0.4702
0.0
0.0376
0.0245
0.0016
V
113
N
114
112
128
98
D
0.9319
0.0613
0.0
0.0001
0.0
V
114
N
115
113
129
99
D
0.9265
0.0
0.0
0.0069
V
115
N
116
114
130
100
D
0.7386
0.0031
0.1844
0.0
0.0059
0.0115
V
116
N
117
115
131
101
D
0.0058
0.0
0.0
V
117
N
118
116
132
102
D
0.0799
0.0
0.0039
V
118
N
119
117
133
103
D
0.2435
0.0
0.6261
V
119
N
120
118
134
104
D
0.8291
0.0
V
120
N
119
135
105
D
0.1875
0.417
0.0
0.0
V
121
N
122
136
106
D
0.5718
0.092
0.0
0.0178
0.2119
V
122
N
123
121
137
107
D
0.3324
0.541
0.0
V
123
N
124
122
138
108
D
0.1008
0.234
0.6652
V
124
N
125
123
139
109
D
0.5171
0.0
V
125
N
126
124
140
110
D
0.208
0.0
0.0
V
126
N
127
125
141
111
D
0.104
0.0627
0.7321
0.0
0.0277
V
127
N
128
126
142
112
D
0.7162
0.2789
0.0
V
128
N
129
127
143
113
D
0.3004
0.5479
0.0
0.0142
V
129
N
130
128
144
114
D
0.1673
0.1107
0.1596
0.3996
0.0
0.0054
V
130
N
131
129
145
115
D
0.4763
0.0
0.0
0.3254
V
131
N
132
130
146
116
D
0.2854
0.6242
0.0169
0.0
0.0218
0.0133
V
132
N
133
131
147
117
D
0.0524
0.2725
0.0347
0.0047
0.155
0.4807
V
133
N
134
132
148
118
D
0.0936
0.8406
0.0
V
134
N
135
133
149
119
D
0.6933
0.0
0.0
V
135
N
134
150
120
D
0.1119
0.0
V
136
N
137
151
121
D
0.0004
0.0489
0.0154
0.3406
0.5849
0.0
V
137
N
138
136
152
122
D
0.1238
0.602
0.1726
0.0
0.0
V
138
N
139
137
153
123
D
0.1129
0.8135
0.0
V
139
N
140
138
154
124
D
0.0423
0.3078
0.0
0.4558
0.0
V
140
N
141
139
155
125
D
0.9404
0.0
V
141
N
142
140
156
126
D
0.1831
0.8169
V
142
N
143
141
157
127
D
0.0513
0.6356
0.0377
0.0
0.2474
0.0259
V
143
N
144
142
158
128
D
0.0934
0.0044
0.0159
0.0
V
144
N
145
143
159
129
D
0.6703
0.0
V
145
N
146
144
160
130
D
0.7885
0.0
V
146
N
147
145
161
131
D
0.1111
0.5786
0.0
0.0
V
147
N
148
146
162
132
D
0.39
0.0013
0.0
0.0118
0.5513
V
148
N
149
147
163
133
D
0.1257
0.0
0.0
0.0006
0.0155
V
149
N
150
148
164
134
D
0.8158
0.1842
V
150
N
149
165
135
D
0.6849
0.1496
0.0
0.0
V
151
N
152
166
136
D
0.1633
0.0
0.0
V
152
N
153
151
167
137
D
0.0062
0.0459
0.7574
0.1017
0.0041
0.0
V
153
N
154
152
168
138
D
0.0897
0.0
0.599
V
154
N
155
153
169
139
D
0.3432
0.0746
0.0
0.0138
0.5497
V
155
N
156
154
170
140
D
0.1793
0.6408
0.1125
0.0589
0.0085
V
156
N
157
155
171
141
D
0.004
0.0
0.8799
V
157
N
158
156
172
142
D
0.0313
0.0383
0.0684
0.0005
0.0
V
158
N
159
157
173
143
D
0.6761
0.0
V
159
N
160
158
174
144
D
0.3586
0.154
0.0586
0.0719
0.0
0.3283
V
160
N
161
159
175
145
D
0.3154
0.0
0.3283
V
161
N
162
160
176
146
D
0.5488
0.2359
0.0
V
162
N
163
161
177
147
D
0.0068
0.0002
0.7862
0.2034
0.0033
0.0
V
163
N
164
162
178
148
D
0.0976
0.0
0.0
V
164
N
165
163
179
149
D
0.0386
0.0
V
165
N
164
180
150
D
0.5211
0.0
0.0
V
166
N
167
151
D
0.2962
0.0202
0.0
0.0
V
167
N
168
166
152
D
0.023
0.097
0.2023
0.0015
0.0
0.675
V
168
N
169
167
153
D
0.7709
0.0
0.0295
0.023
0.0
V
169
N
170
168
154
D
0.7739
0.0
0.0
0.0637
V
170
N
171
169
155
D
0.7563
0.089
0.0
0.0
V
171
N
172
170
156
D
0.2816
0.5535
0.0
0.0875
V
172
N
173
171
157
D
0.0492
0.0105
0.0087
0.3764
0.5552
V
173
N
174
172
158
D
0.1615
0.5524
0.0
0.2726
V
174
N
175
173
159
D
0.2553
0.0
0.0
V
175
N
176
174
160
D
0.6773
0.0
0.0
0.0
V
176
N
177
175
161
D
0.0756
0.0
0.0
V
177
N
178
176
162
D
0.0999
0.0
0.0
V
178
N
179
177
163
D
0.7851
0.0
0.1632
V
179
N
180
178
164
D
0.0851
0.0358
0.0
0.0
V
180
N
179
165
D
0.4104
0.0
