i_183_5_51_FR_den020d
51
den020d
A
0
30
38
39
A
1
30
40
34
A
2
30
30
37
A
3
30
34
22
A
4
30
44
36
V
30
N
52
D
0.0087
0.0
0.0
0.72299
0.12539
0.0
0.14292
V
38
N
39
60
D
0.17846
0.31894
0.05752
0.0
0.03464
0.0
0.41044
V
39
N
38
61
D
0.45849
0.0
0.0
0.10003
0.0
0.01132
0.43016
V
52
N
74
30
D
0.00864
0.02318
0.0
0.0
0.96818
V
54
N
55
76
D
0.55341
0.44659
V
55
N
56
54
77
D
0.12116
0.0
0.01692
0.0
0.28171
0.18575
0.39446
V
56
N
57
55
78
D
0.50448
0.0
0.0
0.49552
V
57
N
58
56
79
D
0.01011
0.0
0.0
0.0
0.03986
0.15733
0.7927
V
58
N
59
57
80
D
0.0466
0.0
0.02556
0.08286
0.0
0.78237
0.06261
V
59
N
60
58
81
D
0.19174
0.0
0.18857
0.56933
0.05036
V
60
N
61
59
82
38
D
0.26031
0.06304
0.0
0.0
0.34242
0.33423
V
61
N
60
83
39
D
0.87303
0.0
0.0
0.0
0.0
0.0
0.12697
V
73
N
74
D
0.85106
0.0
0.0
0.14894
V
74
N
75
73
52
D
0.35357
0.0
0.64643
V
75
N
76
74
D
0.00671
0.0
0.00069
0.0
0.03142
0.0
0.96118
V
76
N
77
75
54
D
0.02535
0.0
0.0
0.92063
0.02947
0.0
0.02455
V
77
N
78
76
55
D
0.52609
0.0
0.07027
0.0
0.03579
0.0
0.36785
V
78
N
79
77
100
56
D
0.03168
0.0
0.0
0.0
0.0466
0.26789
0.65383
V
79
N
80
78
101
57
D
0.05675
0.05018
0.0
0.22725
0.13951
0.52631
V
80
N
81
79
102
58
D
0.01267
0.0
0.00955
0.682
0.16656
0.0
0.12922
V
81
N
82
80
103
59
D
0.02067
0.00055
0.52384
0.45382
0.0
0.0
0.00112
V
82
N
83
81
104
60
D
0.59556
0.0043
0.10373
0.0
0.02985
0.26656
V
83
N
82
105
61
D
0.985
0.0
0.00043
0.0
0.0
0.01457
V
100
N
101
78
D
0.14888
0.02754
0.67875
0.12581
0.0
0.01902
V
101
N
102
100
123
79
D
0.16777
0.0
0.14034
0.0
0.27883
0.41306
V
102
N
103
101
80
D
0.56749
0.0
0.0
0.0
0.0
0.0
0.43251
V
103
N
104
102
81
D
0.48704
0.0
0.0
0.0
0.0
0.04811
0.46485
V
104
N
105
103
82
D
0.22387
0.00359
0.14427
0.18342
0.27883
0.07437
0.09165
V
105
N
104
83
D
0.20586
0.0
0.194
0.0
0.0
0.38512
0.21502
V
123
N
145
101
D
0.49958
0.0
0.0
0.0
0.0
0.07161
0.42881
V
144
N
145
166
D
0.0052
0.0
0.0
0.58936
8e-05
0.01089
0.39447
V
145
N
146
144
167
123
D
0.76205
0.0
0.0
0.0
0.01909
0.0811
0.13776
V
146
N
145
168
D
0.02548
0.13985
0.0
0.06289
0.0
0.77178
V
166
N
167
188
144
D
0.45404
0.01907
0.0
0.37022
0.08848
0.06819
V
167
N
168
166
189
145
D
0.92243
0.0
0.0226
0.0
0.0
0.05497
V
168
N
167
190
146
D
0.11811
0.0
0.74628
0.12171
0.0
0.0
0.0139
V
184
N
206
D
0.64246
0.0
0.09559
0.0
0.26195
V
187
N
188
209
D
0.05363
0.0
0.94637
V
188
N
189
187
210
166
D
0.02045
0.5625
0.0
0.05006
0.36699
V
189
N
190
188
211
167
D
0.95744
0.04256
V
190
N
189
212
168
D
0.06669
0.01488
0.0
0.67877
0.0
0.10131
0.13835
V
193
N
215
D
0.65172
0.18891
0.03357
0.0
0.0
0.0
0.1258
V
196
N
218
D
0.66411
0.0
0.0
0.0
0.0
0.33589
V
206
N
207
228
184
D
0.47982
0.0
0.52018
V
207
N
208
206
229
D
0.04022
0.48903
0.0
0.16915
0.3016
V
208
N
209
207
230
D
0.45179
0.07596
0.02494
0.40225
0.04506
V
209
N
210
208
231
187
D
0.04093
0.38118
0.13675
0.0
0.25625
0.18489
V
210
N
211
209
232
188
D
0.00661
0.0
0.0
0.00153
0.3277
0.66372
0.00044
V
211
N
212
210
233
189
D
0.34228
0.17706
0.0
0.0
0.0
0.48066
V
212
N
213
211
234
190
D
0.37746
0.0
0.60474
0.0
0.0178
V
213
N
214
212
235
D
0.00108
0.03943
0.17667
0.36686
0.41596
V
214
N
215
213
236
D
0.02551
0.0
0.14817
0.82632
V
215
N
216
214
193
D
0.03486
0.4572
0.07548
0.0
0.27948
0.15298
V
216
N
217
215
238
D
0.95578
0.0
0.0
0.0
0.0
0.0
0.04422
V
217
N
218
216
D
0.06468
0.73254
0.02654
0.0
0.0
0.0
0.17624
V
218
N
219
217
240
196
D
0.8583
0.0
0.0
0.0
0.11336
0.02834
V
219
N
220
218
D
0.70238
0.0
0.0
0.0
0.0
0.0
0.29762
V
220
N
219
242
D
0.08275
0.02841
0.0
0.61861
0.0
0.0
0.27023
V
228
N
229
250
206
D
0.22833
0.0
0.41851
0.22134
0.00618
0.05542
0.07022
V
229
N
230
228
251
207
D
0.60762
0.17543
0.0
0.0
0.21695
V
230
N
231
229
252
208
D
0.17582
0.0
0.17688
0.0
0.03687
0.47107
0.13936
V
231
N
232
230
253
209
D
0.24806
0.0
0.0
0.0
0.0
0.75194
V
232
N
233
231
254
210
D
0.08339
0.0
0.0
0.0
0.0
0.56316
0.35345
V
233
N
234
232
255
211
D
0.72522
0.0
0.0
0.27478
V
234
N
235
233
256
212
D
0.24981
0.12143
0.0
0.04207
0.0
0.58373
0.00296
V
235
N
236
234
257
213
D
0.01768
0.1679
0.28673
0.0
0.44962
0.0
0.07807
V
236
N
235
258
214
D
0.77696
0.0
0.0
0.0
0.0
0.0
0.22304
V
238
N
260
216
D
0.56914
0.0
0.0
0.34861
0.0
0.08225
V
240
N
262
218
D
0.49052
0.0
0.27838
0.14183
0.0
0.0
0.08927
V
242
N
264
220
D
0.28568
0.30272
0.13489
0.0
0.27671
V
250
N
251
272
228
D
0.00741
0.21969
0.0
0.44867
0.00212
0.31284
0.00927
V
251
N
252
250
273
229
D
0.81032
0.03284
0.0
0.0
0.0
0.0
0.15684
V
252
N
253
251
274
230
D
0.18025
0.0
0.0
0.0
0.0
0.81975
V
253
N
254
252
275
231
D
0.0079
0.0
0.00928
0.01556
0.0
0.0
0.96726
V
254
N
255
253
276
232
D
0.62668
0.27837
0.0
0.09495
V
255
N
256
254
277
233
D
0.00223
0.81779
0.0
0.0
0.13051
0.01513
0.03434
V
256
N
257
255
278
234
D
0.27363
0.27359
0.01049
0.06322
0.01674
0.0
0.36233
V
257
N
258
256
279
235
D
0.03475
0.91629
0.0
0.01099
0.0
0.0011
0.03687
V
258
N
259
257
280
236
D
0.04172
0.91013
0.0
0.04815
V
259
N
260
258
281
D
0.16352
0.0
0.0
0.0
0.83648
V
260
N
261
259
282
238
D
0.6355
0.0
0.0
0.0
0.0
0.0
0.3645
V
261
N
262
260
283
D
0.67013
0.0
0.0
0.0
0.0
0.32987
V
262
N
263
261
284
240
D
0.07702
0.32316
0.21908
0.25915
0.08966
0.03193
V
263
N
264
262
285
D
0.3576
0.35126
0.0
0.0
0.24807
0.04307
V
264
N
263
286
242
D
0.07961
0.0
0.0
0.43706
0.0
0.0
0.48333
V
272
N
273
294
250
D
0.0421
0.48413
0.0
0.0
0.47377
V
273
N
274
272
251
D
0.00755
0.0
0.84418
0.0
0.12227
0.026
V
274
N
275
273
252
D
0.00101
0.0
0.00331
0.0
0.00407
0.98653
0.00508
V
275
N
276
274
297
253
D
0.06092
0.09881
0.4776
0.14964
0.16536
0.0
0.04767
V
276
N
277
275
298
254
D
0.23959
0.0
0.01505
0.0
0.0
0.74536
V
277
N
278
276
299
255
D
0.54521
0.00641
0.0
0.0
0.0
0.10197
0.34641
V
278
N
279
277
300
256
D
0.4118
0.02666
0.0
0.47081
0.09073
V
279
N
280
278
257
D
0.80616
0.0
0.0
0.0
0.19384
V
280
N
281
279
302
258
D
0.70191
0.0
0.0
0.12652
0.0
0.17157
V
281
N
282
280
303
259
D
0.04625
0.42435
0.0
0.0
0.0
0.5294
V
282
N
283
281
260
D
0.10229
0.0
0.03651
0.0
0.0
0.8612
V
283
N
284
282
305
261
D
0.04319
0.0
0.00138
0.0
0.00159
0.20838
0.74546
V
284
N
285
283
262
D
0.04297
0.02007
0.73015
0.0087
0.0
0.19736
0.00075
V
285
N
286
284
307
263
D
0.00573
0.0
0.05838
0.09482
0.0
0.69884
0.14223
V
286
N
285
264
D
0.93051
0.06949
V
294
N
316
272
D
0.07166
0.05434
0.0
0.00964
0.0
0.0
0.86436
V
297
N
298
319
275
D
0.13499
0.0
0.76891
0.0961
V
298
N
299
297
320
276
D
0.82479
0.05756
0.0
0.00149
0.0
0.0
0.11616
V
299
N
300
298
321
277
D
0.37803
0.11436
0.0
0.40084
0.03321
0.0
0.07356
V
300
N
299
278
D
0.09704
0.0
0.628
0.01034
0.0
0.26462
V
302
N
303
280
D
0.18572
0.0
0.64097
0.0
0.17331
V
303
N
302
325
281
D
0.08565
0.18249
0.00266
0.31208
0.0
0.41712
V
305
N
283
D
0.2343
0.0
0.0
0.0
0.0
0.76252
0.00318
V
307
N
285
D
0.08567
4e-05
0.0
0.00385
0.87564
0.01003
0.02477
V
314
N
315
336
D
0.41202
0.03371
0.08684
0.0
0.0
0.0
0.46743
V
315
N
316
314
337
D
0.00967
0.0
0.0
0.0
0.0
0.0
0.99033
V
316
N
317
315
338
294
D
0.23689
0.0
0.50302
0.0
0.26009
V
317
N
318
316
339
D
0.35716
0.15446
0.29664
0.0
0.19174
V
318
N
319
317
340
D
0.48879
0.0
0.28377
0.08198
0.03233
0.0
0.11313
V
319
N
320
318
341
297
D
0.74347
0.0
0.09413
0.0
0.09873
0.06367
V
320
N
321
319
342
298
D
0.11179
0.0
0.01824
0.51237
0.14434
0.21326
V
321
N
320
299
D
0.04128
0.19838
0.0
0.67957
0.00242
0.07803
0.00032
V
325
N
303
D
0.15861
0.0
0.84139
V
336
N
337
314
D
0.08099
0.14417
0.41537
0.0
0.28095
0.07852
V
337
N
338
336
315
D
0.04292
0.0
0.0
0.09703
0.19932
0.58327
0.07746
V
338
N
339
337
316
D
0.47522
0.0
0.0871
0.16284
0.01919
0.0
0.25565
V
339
N
340
338
317
D
0.00573
0.99153
0.00021
0.0
0.00235
0.0
0.00018
V
340
N
341
339
318
D
0.20482
0.23488
0.1406
0.28906
0.0
0.0
0.13064
V
341
N
342
340
319
D
0.14623
0.0
0.0
0.30172
0.55205
V
342
N
341
364
320
D
0.2446
0.0
0.0
0.51151
0.0
0.0
0.24389
V
356
N
378
D
0.39994
0.2828
0.04365
0.0
0.18204
0.09157
V
364
N
386
342
D
0.36644
0.5776
0.0
0.0
0.0
0.03202
0.02394
V
378
N
400
356
D
0.04023
0.0
0.60039
0.0
0.0
0.35938
V
386
N
408
364
D
0.15786
0.0
0.0
0.0
0.09674
0.0
0.7454
V
398
N
399
420
D
0.41796
0.18355
0.0
0.0
0.39849
V
399
N
400
398
D
0.88204
0.04854
0.0
0.0
0.0
0.0
0.06942
V
400
N
401
399
422
378
D
0.40581
0.0
0.0
0.47103
0.0
0.12316
V
401
N
402
400
D
0.00263
0.0
0.9824
0.00375
0.00232
0.00695
0.00195
V
402
N
403
401
D
0.7627
0.22282
0.0
0.0
0.0
0.0
0.01448
V
403
N
404
402
D
0.10161
0.0
0.13912
0.0
0.0
0.61353
0.14574
V
404
N
403
426
D
0.66898
0.0
0.0297
0.04596
0.0
0.25536
V
408
N
430
386
D
0.00134
0.01408
0.02133
0.0
0.96325
V
420
N
398
D
0.01111
0.0
0.0
0.41085
0.03755
0.0
0.54049
V
422
N
444
400
D
0.08146
0.72651
0.0
0.19203
V
426
N
427
448
404
D
0.20521
0.14431
0.10759
0.32352
0.21937
V
427
N
428
426
449
D
0.93225
0.00096
0.02868
0.0
0.01446
0.0
0.02365
V
428
N
427
450
D
0.08035
0.0
0.0
0.56146
0.14032
0.0
0.21787
V
430
N
452
408
D
0.68571
0.0
0.09359
0.03282
0.09097
0.09032
0.00659
V
444
N
445
422
D
0.3074
0.0
0.0
0.0
0.0
0.6926
V
445
N
446
444
D
0.24106
0.53304
0.0
0.2259
V
446
N
445
D
0.01798
0.0
0.41198
0.0
0.05363
0.51641
V
448
N
449
426
D
0.31494
0.03964
0.0
0.51355
0.0
0.10994
0.02193
V
449
N
450
448
427
D
0.08027
0.06349
0.0
0.76752
0.0
0.02637
0.06235
V
450
N
451
449
428
D
0.11929
0.33585
0.0
0.0
0.0
0.17939
0.36547
V
451
N
452
450
D
0.37704
0.0
0.0
0.00932
0.17844
0.0
0.4352
V
452
N
451
474
430
D
0.60302
0.0015
0.00012
0.18537
8e-05
0.0
0.20991
V
474
N
496
452
D
0.50348
0.0
0.0
0.21121
0.01678
0.0
0.26853
V
496
N
518
474
D
0.80462
0.0
0.14318
0.0
0.0
0.00485
0.04735
V
518
N
540
496
D
0.00816
0.0
0.0
0.0
0.01359
0.97825
V
531
N
532
553
D
0.17484
0.72843
0.0
0.0
0.0
0.08377
0.01296
V
532
N
533
531
554
D
0.63486
0.0
0.26966
0.0
0.0
0.09548
V
533
N
534
532
555
D
0.27605
0.0
0.0
0.62064
0.10331
V
534
N
535
533
D
0.75892
0.0
0.0
0.24108
V
535
N
536
534
D
0.00046
0.0
0.41255
0.07009
0.12541
0.29895
0.09254
V
536
N
537
535
558
D
0.60092
0.25176
0.08068
0.06664
V
537
N
538
536
559
D
0.00064
0.00717
0.0
0.00567
0.04656
0.9347
0.00526
V
538
N
537
560
D
0.04872
0.00404
0.00458
0.60771
0.06671
0.0
0.26824
V
540
N
562
518
D
0.10639
0.70789
0.01328
0.10227
0.07017
V
553
N
554
575
531
D
0.3763
0.0
0.18941
0.04067
0.30202
0.0916
V
554
N
555
553
576
532
D
0.01185
0.00019
0.0
0.45329
0.39784
0.13683
V
555
N
554
577
533
D
0.14315
0.35413
0.0
0.38666
0.0
0.0
0.11606
V
558
N
559
536
D
0.29909
0.0
0.0
0.12559
0.0
0.33959
0.23573
V
559
N
560
558
581
537
D
0.20631
0.0
0.23955
0.27911
0.27503
V
560
N
559
582
538
D
0.09918
0.00506
0.0
0.04062
0.52028
0.0
0.33486
V
562
N
584
540
D
0.16753
0.0365
0.0
0.64606
0.14991
V
574
N
575
596
D
0.07024
0.0
0.01602
0.0
0.08895
0.82479
V
575
N
576
574
597
553
D
0.3308
0.17263
0.0
0.46391
0.03266
V
576
N
577
575
598
554
D
0.55095
0.07108
0.07773
0.0
0.30024
V
577
N
576
555
D
0.80449
0.0957
0.0
0.0
0.0
0.0
0.09981
V
581
N
582
559
D
0.6669
0.0
0.3331
V
582
N
583
581
560
D
0.55748
0.29234
0.00137
0.0
0.14881
V
583
N
584
582
D
0.18477
0.14607
0.07508
0.22959
0.0
0.0
0.36449
V
584
N
583
562
D
0.17236
0.0
0.70137
0.12627
V
596
N
597
574
D
0.59675
0.00455
0.0
0.0
0.0
0.0
0.3987
V
597
N
598
596
575
D
0.23257
0.00286
0.06631
0.0
0.0
0.10392
0.59434
V
598
N
597
620
576
D
0.06451
0.71819
0.0
0.2173
V
620
N
598
D
0.71352
0.0
0.00683
0.18188
0.0
0.0218
0.07597
