i_204_4_47_FR_den308d
47
den308d
A
0
12
37
10
A
1
12
36
14
A
2
12
33
15
A
3
12
28
19
V
12
N
13
37
D
0.02777
0.0
0.0
0.5534
0.0
0.22838
0.19045
V
13
N
12
38
D
0.74393
0.0
0.0
0.0
0.0
0.25607
V
34
N
35
59
D
0.11912
0.0
0.8737
0.0
0.0
0.0
0.00718
V
35
N
36
34
60
D
0.1042
0.82079
0.0
0.02348
0.0
0.0
0.05153
V
36
N
37
35
D
0.17069
0.0
0.82931
V
37
N
38
36
62
12
D
0.58346
0.20281
0.11362
0.0
0.0
0.10011
V
38
N
39
37
63
13
D
0.00623
0.0
0.0
0.0
0.98909
0.0
0.00468
V
39
N
40
38
D
0.12132
0.83324
0.0
0.0
0.0
0.0
0.04544
V
40
N
41
39
65
D
0.00337
0.05043
0.0
0.0
0.84164
0.00789
0.09667
V
41
N
40
66
D
0.41497
0.0
0.3915
0.00043
0.1931
V
59
N
60
84
34
D
0.18635
0.11109
0.33326
0.16584
0.06127
0.0
0.14219
V
60
N
59
85
35
D
0.45608
0.0
0.0
0.07464
0.44722
0.02206
V
62
N
63
87
37
D
0.2209
0.6997
0.0
0.0
0.0
0.0
0.0794
V
63
N
62
88
38
D
0.28954
0.21112
0.11403
0.0
0.17266
0.21265
V
65
N
66
90
40
D
0.15009
0.57495
0.0
0.0
0.0
0.07419
0.20077
V
66
N
65
91
41
D
0.36914
0.549
0.08186
V
84
N
85
59
D
0.44053
0.35437
0.0
0.05911
0.0
0.03628
0.10971
V
85
N
86
84
60
D
0.08743
0.65015
0.26242
V
86
N
87
85
D
0.3792
0.0
0.6208
V
87
N
88
86
112
62
D
0.71346
0.11642
0.0
0.17012
V
88
N
89
87
113
63
D
0.25938
0.0
0.0
0.57834
0.10602
0.05626
V
89
N
90
88
D
0.02898
0.0
0.06649
0.43243
0.0
0.0
0.4721
V
90
N
91
89
65
D
0.01513
0.11383
0.0
0.0
0.00306
0.0
0.86798
V
91
N
90
66
D
0.97564
0.0
0.0
0.0
0.0
0.0
0.02436
V
112
N
113
137
87
D
0.94469
0.0
0.0
0.0
0.05531
V
113
N
112
138
88
D
0.15141
0.0
0.3386
0.0
0.03459
0.4754
V
133
N
134
D
0.58057
0.0
0.07713
0.3423
V
134
N
133
159
D
0.00562
1e-05
0.0
0.26625
0.0
0.00341
0.72471
V
136
N
137
161
D
0.56187
0.18677
0.0
0.02586
0.15506
0.0
0.07044
V
137
N
138
136
162
112
D
0.37701
0.0
0.0
0.0
0.06729
0.5557
V
138
N
139
137
163
113
D
0.00766
0.12451
0.00467
0.002
0.0
0.86116
V
139
N
140
138
164
D
0.0357
0.60023
0.02755
0.06104
0.27548
V
140
N
141
139
165
D
0.65287
0.0
0.0
0.34713
V
141
N
142
140
166
D
0.20094
0.45797
0.0
0.13967
0.00738
0.0
0.19404
V
142
N
141
D
0.56352
0.43609
0.0
0.00039
V
159
N
160
184
134
D
0.0966
0.18984
0.0
0.0
0.0
0.71036
0.0032
V
160
N
161
159
185
D
0.23815
0.04078
0.0
0.07712
0.31927
0.15914
0.16554
V
161
N
162
160
186
136
D
0.03179
0.0
0.26815
0.0
0.0
0.70006
V
162
N
163
161
187
137
D
0.36772
0.0
0.0
0.3732
0.25908
V
163
N
164
162
188
138
D
0.16724
0.0
0.21994
0.31167
0.00622
0.10584
0.18909
V
164
N
165
163
189
139
D
0.16435
0.0
0.09906
0.0
0.67609
0.0
0.0605
V
165
N
166
164
190
140
D
0.19516
0.0
0.07529
0.0
0.0
0.0
0.72955
V
166
N
165
191
141
D
0.3425
0.0
0.42423
0.01569
0.0
0.21758
V
184
N
185
209
159
D
0.10009
0.0
0.0
0.19905
0.40285
0.0
0.29801
V
185
N
186
184
210
160
D
0.01573
0.00026
0.00548
0.001
0.00311
0.97186
0.00256
V
186
N
187
185
211
161
D
0.67304
0.04877
0.0
0.0
0.0
0.0
0.27819
V
187
N
188
186
212
162
D
0.04532
0.0
0.2931
0.44193
0.0
0.0
0.21965
V
188
N
189
187
213
163
D
0.00436
0.01356
0.9136
0.0002
0.06709
0.0
0.00119
V
189
N
190
188
214
164
D
0.11352
0.0
0.29081
0.25743
0.0
0.33824
V
190
N
191
189
215
165
D
0.11927
0.08837
0.0
0.02126
0.04045
0.44822
0.28243
V
191
N
190
216
166
D
6e-05
0.00234
0.0
0.54026
0.0
0.45716
0.00018
V
209
N
210
234
184
D
0.52508
0.0
0.0
0.0
0.0
0.0
0.47492
V
210
N
211
209
235
185
D
0.07294
0.26364
0.03018
0.0
0.06436
0.38116
0.18772
V
211
N
212
210
236
186
D
0.93711
0.0
0.0
0.06289
V
212
N
213
211
237
187
D
0.00759
0.00138
0.55232
0.00015
0.00842
0.3093
0.12084
V
213
N
214
212
238
188
D
0.069
0.0
0.0229
0.80117
0.0
0.0
0.10693
V
214
N
215
213
239
189
D
0.05569
0.15141
0.6461
0.01531
0.02383
0.0
0.10766
V
215
N
216
214
240
190
D
0.20343
0.0
0.45013
0.17348
0.0
0.17296
V
216
N
215
241
191
D
0.00808
0.1158
0.0
0.0
0.83156
0.0
0.04456
V
234
N
235
259
209
D
0.13175
0.0
0.00802
0.30266
0.55757
V
235
N
236
234
260
210
D
0.01623
0.0
0.0
0.0
0.0
0.69912
0.28465
V
236
N
237
235
261
211
D
0.13533
0.05066
0.0
0.18723
0.0
0.0
0.62678
V
237
N
238
236
262
212
D
0.00215
0.41283
0.0
0.0
0.26478
0.32024
V
238
N
239
237
263
213
D
0.31198
0.0
0.68802
V
239
N
240
238
264
214
D
0.09083
0.0
0.84535
0.0
0.06382
V
240
N
241
239
265
215
D
0.1602
0.28701
0.0
0.10066
0.45213
V
241
N
240
216
D
0.45899
0.09879
0.0
0.26034
0.08219
0.09969
V
259
N
260
234
D
0.5581
0.02505
0.0
0.0
0.22929
0.13775
0.04981
V
260
N
261
259
285
235
D
0.03026
0.86981
0.09993
V
261
N
262
260
286
236
D
0.3197
0.0
0.34159
0.0
0.04416
0.08702
0.20753
V
262
N
263
261
287
237
D
0.75628
0.0025
0.0
0.00068
0.20318
0.02218
0.01518
V
263
N
264
262
288
238
D
0.2882
0.0
0.49777
0.0
0.14468
0.0
0.06935
V
264
N
265
263
289
239
D
0.97935
0.0
0.0
0.0
0.0
0.0
0.02065
V
265
N
264
290
240
D
0.38904
0.0
0.40876
0.12142
0.08078
V
285
N
286
310
260
D
0.33022
0.01591
0.0
0.20393
0.44994
V
286
N
287
285
311
261
D
0.48283
0.46161
0.0089
0.0
0.0
0.00607
0.04059
V
287
N
288
286
312
262
D
0.62236
0.03598
0.0
0.02566
0.0
0.316
V
288
N
289
287
313
263
D
0.74816
0.10798
0.0
0.14386
V
289
N
290
288
314
264
D
0.0207
0.90844
0.0492
0.0
0.0
0.02166
V
290
N
291
289
315
265
D
0.01852
0.0
0.0284
0.60708
0.07724
0.05781
0.21095
V
291
N
292
290
316
D
0.05136
0.0
0.94864
V
292
N
291
317
D
0.02468
0.19965
0.77567
V
309
N
310
D
0.05906
0.7313
0.0
0.0
0.0
0.20964
V
310
N
311
309
335
285
D
0.23655
0.0
0.10202
0.01152
0.0
0.63904
0.01087
V
311
N
312
310
336
286
D
0.55761
0.0
0.20885
0.12988
0.03146
0.0
0.0722
V
312
N
313
311
337
287
D
0.31287
0.02484
0.15315
0.31052
0.00641
0.19221
V
313
N
314
312
338
288
D
0.25837
0.11917
0.07752
0.08025
0.46469
V
314
N
315
313
339
289
D
0.00046
0.07231
0.42788
0.45826
0.00024
0.028
0.01285
V
315
N
316
314
340
290
D
0.10249
0.62882
0.0
0.0
0.26869
V
316
N
317
315
341
291
D
0.06642
0.0176
0.0
0.8732
0.02022
0.02256
V
317
N
316
342
292
D
0.00856
0.2832
0.16583
0.0
0.54241
V
335
N
336
360
310
D
0.01034
0.68191
0.0707
0.01363
0.08231
0.00134
0.13977
V
336
N
337
335
361
311
D
0.60241
0.0
0.38444
0.0
0.0
0.01315
V
337
N
338
336
362
312
D
0.08053
0.0
0.02249
0.0
0.89655
0.00043
V
338
N
339
337
363
313
D
0.45996
0.0
0.0
0.08651
0.06751
0.38602
V
339
N
340
338
364
314
D
0.24723
0.00661
0.0
0.73323
0.0
0.01293
V
340
N
341
339
365
315
D
0.0809
0.32328
0.0
0.4061
0.18972
V
341
N
342
340
366
316
D
0.43351
0.13198
0.04407
0.0
0.0
0.33064
0.0598
V
342
N
341
317
D
0.06563
0.21205
0.02561
0.0
0.0
0.69671
V
359
N
360
384
D
0.2297
0.0
0.0
0.02135
0.29761
0.0
0.45134
V
360
N
361
359
335
D
0.8652
0.1348
V
361
N
362
360
386
336
D
0.03205
0.0
0.00095
0.36401
0.0
0.42254
0.18045
V
362
N
363
361
387
337
D
0.07651
0.0
0.0
0.0
0.92349
V
363
N
364
362
388
338
D
0.18223
0.0
0.0
0.07016
0.1403
0.53459
0.07272
V
364
N
365
363
389
339
D
0.36024
0.00884
0.63092
V
365
N
366
364
340
D
0.1085
0.04227
0.79831
0.0
0.0
0.02455
0.02637
V
366
N
365
391
341
D
0.63923
0.36077
V
384
N
359
D
0.70337
0.0
0.0
0.0
0.02639
0.0
0.27024
V
386
N
387
411
361
D
0.75434
0.0
0.0
0.0
0.0
0.24566
V
387
N
388
386
412
362
D
0.08614
0.0
0.16733
0.0
0.03906
0.04247
0.665
V
388
N
389
387
413
363
D
0.54655
0.0
0.0
0.27695
0.0
0.0
0.1765
V
389
N
388
414
364
D
0.56289
0.0
0.13923
0.0
0.29788
V
391
N
392
366
D
0.04389
0.33947
0.0
0.05665
0.55999
V
392
N
393
391
D
0.19132
0.0
0.0
0.0
0.00428
0.02438
0.78002
V
393
N
394
392
D
0.30246
0.0
0.13716
0.26313
0.29725
V
394
N
395
393
419
D
0.53414
0.21711
0.0
0.23898
0.0
0.0
0.00977
V
395
N
396
394
420
D
0.11851
0.05494
0.0
0.82655
V
396
N
395
421
D
0.29326
0.0
0.0
0.0
0.0
0.14748
0.55926
V
411
N
412
436
386
D
0.60195
0.21605
0.0
0.02059
0.02489
0.13652
V
412
N
413
411
437
387
D
0.95936
0.0
0.0
0.0
0.03867
0.00146
0.00051
V
413
N
414
412
438
388
D
0.04594
0.21019
0.0
0.42834
0.0
0.0388
0.27673
V
414
N
413
439
389
D
0.04537
0.0
0.83289
0.05584
0.0
0.0
0.0659
V
419
N
420
444
394
D
0.02973
0.0
0.0
0.0
0.0
0.97027
V
420
N
421
419
445
395
D
0.97078
0.0
0.0
0.00969
0.01238
0.0
0.00715
V
421
N
422
420
446
396
D
0.01276
0.0
0.03586
0.0
0.13865
0.73298
0.07975
V
422
N
421
447
D
0.03498
0.0
0.0
0.0
0.96502
V
424
N
449
D
0.26455
0.0
0.49019
0.0
0.04817
0.19709
V
436
N
437
461
411
D
0.06726
0.12267
0.0
0.0
0.43232
0.13081
0.24694
V
437
N
438
436
462
412
D
0.8159
0.0
0.0
0.07577
0.0
0.06778
0.04055
V
438
N
439
437
463
413
D
0.53031
0.0
0.46969
V
439
N
438
464
414
D
0.08402
0.00429
0.08478
0.01574
0.0
0.0
0.81117
V
442
N
443
467
D
0.42595
0.0
0.51275
0.0613
V
443
N
444
442
468
D
0.24287
0.0
0.0
0.0
0.75713
V
444
N
445
443
469
419
D
0.31425
0.0
0.0
0.1584
0.4546
0.0
0.07275
V
445
N
446
444
470
420
D
0.14871
0.0
0.01892
0.0
0.59821
0.14129
0.09287
V
446
N
447
445
471
421
D
0.35409
0.0
0.06423
0.0
0.57669
0.00499
V
447
N
446
472
422
D
0.19344
0.08511
0.14701
0.0
0.0
0.0
0.57444
V
449
N
450
474
424
D
0.15021
0.22494
0.05778
0.0916
0.4482
0.0
0.02727
V
450
N
449
475
D
0.09167
0.0
0.0
0.18967
0.57513
0.0
0.14353
V
461
N
462
436
D
0.03518
0.38461
0.0
0.42718
0.0
0.15303
V
462
N
463
461
437
D
0.63704
0.0
0.0
0.0
0.0
0.0
0.36296
V
463
N
464
462
438
D
0.26925
0.15038
0.03496
0.54541
V
464
N
463
439
D
0.99486
0.0
0.0
0.00514
V
467
N
468
442
D
0.63356
0.00628
0.0
0.0
0.0
0.0
0.36016
V
468
N
469
467
493
443
D
0.13324
0.1624
0.47309
0.0
0.01281
0.0
0.21846
V
469
N
470
468
494
444
D
0.32378
0.0
0.0
0.0
0.0
0.67622
V
470
N
471
469
495
445
D
0.58561
0.0
0.41388
0.0
0.00051
V
471
N
472
470
496
446
D
0.0015
0.0
0.25813
0.51152
0.03344
0.1124
0.08301
V
472
N
471
497
447
D
0.41823
0.0
0.0
0.0
0.53241
0.04936
V
474
N
475
499
449
D
0.67079
0.0
0.0
0.0
0.32921
V
475
N
474
500
450
D
0.32831
0.48469
0.08877
0.00325
0.09498
V
493
N
494
518
468
D
0.02921
0.53621
0.41189
0.0
0.02269
V
494
N
495
493
519
469
D
0.04978
0.0
0.0
0.03103
0.0
0.91919
V
495
N
496
494
520
470
D
0.32421
0.4472
0.22859
V
496
N
497
495
521
471
D
0.00781
0.0
0.69589
0.00063
0.0
0.0
0.29567
V
497
N
496
522
472
D
0.45641
0.0
0.0
0.54359
V
499
N
500
524
474
D
0.47375
0.0
0.0
0.34969
0.17656
V
500
N
499
475
D
0.09859
0.0823
0.70495
0.06267
0.00239
0.0
0.0491
V
517
N
518
542
D
0.32993
0.0
0.19595
0.09573
0.34166
0.0
0.03673
V
518
N
519
517
493
D
0.29333
0.0
0.55958
0.01397
0.09309
0.0
0.04003
V
519
N
520
518
494
D
0.41731
0.37363
0.07097
0.06292
0.05417
0.021
V
520
N
521
519
495
D
0.06627
0.0
0.26205
0.00165
0.57501
0.09502
V
521
N
522
520
496
D
0.49275
0.0
0.0
0.0
0.0
0.22423
0.28302
V
522
N
523
521
547
497
D
0.63539
0.36461
V
523
N
524
522
548
D
0.06207
0.0
0.03151
0.12907
0.33116
0.33559
0.1106
V
524
N
523
499
D
0.56442
0.0
0.0
0.06158
0.0
0.11272
0.26128
V
542
N
517
D
0.00807
0.92589
0.0
0.00788
0.05261
0.00555
V
547
N
548
522
D
0.17126
0.06612
0.0
0.0
0.0
0.76262
V
548
N
547
523
D
0.07309
0.71131
0.0
0.2156
