i_207_7_64_FR_lak203d
64
lak203d
A
0
655
35
49
A
1
655
56
27
A
2
655
40
36
A
3
655
38
29
A
4
655
60
15
A
5
655
41
10
A
6
655
32
45
V
655
N
683
D
0.51318
0.31277
0.0
0.0
0.17405
V
659
N
687
D
0.68621
0.20673
0.05049
0.0
0.05657
V
663
N
691
D
0.01753
0.0
0.0
0.00348
0.94648
0.0
0.03251
V
683
N
711
655
D
0.44908
0.0
0.08395
0.02003
0.0
0.23288
0.21406
V
687
N
715
659
D
0.16292
0.00685
0.28525
0.42089
0.0
0.11501
0.00908
V
691
N
719
663
D
0.08681
0.0
0.48567
0.39447
0.03305
V
703
N
704
731
D
0.49881
0.0
0.32034
0.0
0.18085
V
704
N
705
703
732
D
0.05326
0.0
0.0
0.13885
0.42673
0.0
0.38116
V
705
N
706
704
733
D
0.29305
0.27852
0.42843
V
706
N
707
705
734
D
0.00068
0.0
0.01597
0.0417
0.0
0.69179
0.24986
V
707
N
708
706
735
D
0.28891
0.0
0.0
0.0
0.0
0.71109
V
708
N
707
736
D
0.12478
0.02271
0.0303
0.0
0.80264
0.01957
V
710
N
711
738
D
0.22642
0.16598
0.27457
0.0
0.0
0.33303
V
711
N
712
710
739
683
D
0.12277
0.14185
0.01212
0.44102
0.06034
0.2219
V
712
N
713
711
740
D
0.14126
0.0
0.0
0.40572
0.2827
0.02524
0.14508
V
713
N
714
712
741
D
0.72036
0.0
0.03905
0.1444
0.09619
V
714
N
715
713
742
D
0.76944
0.0
0.0
0.0
0.0
0.0
0.23056
V
715
N
716
714
743
687
D
0.93168
0.0
0.0
0.0
0.0
0.06832
V
716
N
717
715
744
D
0.04969
0.02936
0.70426
0.0
0.0
0.09357
0.12312
V
717
N
718
716
745
D
0.02494
0.00623
0.0
0.00907
0.0
0.91152
0.04824
V
718
N
719
717
746
D
0.28507
0.22743
0.39689
0.0
0.0
0.09061
V
719
N
720
718
747
691
D
0.10905
0.0
0.0
0.63559
0.03469
0.22067
V
720
N
721
719
748
D
0.44698
0.0
0.33817
0.0
0.0
0.0
0.21485
V
721
N
722
720
749
D
0.92418
0.0
0.0
0.07582
V
722
N
723
721
750
D
0.66876
0.0
0.0
0.33124
V
723
N
724
722
751
D
0.16318
0.79021
0.02298
0.0
0.0
0.0
0.02363
V
724
N
725
723
752
D
0.16564
0.0139
0.00223
0.0
0.39341
0.372
0.05282
V
725
N
724
753
D
0.08274
0.04488
0.14737
0.72501
V
727
N
728
755
D
0.25414
0.56419
0.0
0.18167
V
728
N
727
756
D
0.01726
0.0
0.0
0.0
0.88614
0.0
0.0966
V
729
N
730
757
D
0.00217
0.0
0.0
0.04754
0.33337
0.61692
V
730
N
731
729
758
D
0.8683
0.0
0.10851
0.0
0.0
0.02166
0.00153
V
731
N
732
730
759
703
D
0.29789
0.0
0.0
0.70211
V
732
N
733
731
760
704
D
0.63615
0.0
0.0
0.0
0.14278
0.22107
V
733
N
734
732
761
705
D
0.4171
0.19668
0.1061
0.0
0.0
0.26826
0.01186
V
734
N
735
733
762
706
D
0.07508
0.0
0.0
0.0
0.0
0.92492
V
735
N
736
734
763
707
D
0.86716
0.0
0.07252
0.06032
V
736
N
737
735
764
708
D
0.32261
0.08714
0.04099
0.0
0.13573
0.41353
V
737
N
738
736
765
D
0.0209
0.00503
0.00507
0.8262
0.1428
V
738
N
739
737
766
710
D
0.14274
0.0
0.03653
0.80013
0.00811
0.00802
0.00447
V
739
N
740
738
767
711
D
0.66682
0.0
0.33318
V
740
N
741
739
768
712
D
0.5526
0.0
0.0
0.0
0.26371
0.0
0.18369
V
741
N
742
740
769
713
D
0.1181
0.71578
0.0
0.0
0.05191
0.11421
V
742
N
743
741
770
714
D
0.43916
0.10022
0.01548
0.0
0.0
0.44514
V
743
N
744
742
771
715
D
0.07357
0.0
0.0
0.16107
0.0
0.72581
0.03955
V
744
N
745
743
772
716
D
0.77001
0.0
0.0
0.0
0.22999
V
745
N
746
744
773
717
D
0.10691
0.0
0.89309
V
746
N
747
745
774
718
D
0.07403
0.15313
0.77284
V
747
N
748
746
775
719
D
0.06275
0.00616
0.0
0.93109
V
748
N
749
747
720
D
0.03553
0.0
0.59253
0.0
0.0
0.0
0.37194
V
749
N
750
748
777
721
D
0.50653
0.0
0.49347
V
750
N
751
749
778
722
D
0.35518
0.0
0.0
0.3868
0.0
0.0
0.25802
V
751
N
752
750
779
723
D
0.00508
0.0
0.9257
0.0
0.0
0.06833
0.00089
V
752
N
753
751
780
724
D
0.51988
0.0
0.01773
0.46239
V
753
N
754
752
781
725
D
0.92815
0.01026
0.0
0.0
0.01219
0.0
0.0494
V
754
N
755
753
782
D
0.01995
0.00168
0.0
0.0
0.0
0.18022
0.79815
V
755
N
756
754
783
727
D
0.06932
0.0
0.0
0.0
0.0
0.93068
V
756
N
755
728
D
0.15515
0.0
0.0
0.14904
0.0
0.14899
0.54682
V
757
N
758
729
D
0.71855
0.0
0.0
0.1829
0.09855
V
758
N
759
757
730
D
0.0096
0.76091
0.20793
0.02156
V
759
N
760
758
731
D
0.53344
0.0
0.0
0.0
0.0
0.0
0.46656
V
760
N
761
759
732
D
0.14517
0.0
0.0
0.50966
0.20869
0.13648
V
761
N
762
760
733
D
0.03429
0.12915
0.0
0.16272
0.09412
0.57972
V
762
N
763
761
790
734
D
0.04597
0.04834
0.10029
0.0
0.61937
0.07303
0.113
V
763
N
764
762
791
735
D
0.05633
0.0
0.50267
0.02296
0.38334
0.0
0.0347
V
764
N
765
763
792
736
D
0.40464
0.0
0.17494
0.42042
V
765
N
766
764
737
D
0.18676
0.22142
0.06168
0.08708
0.44306
V
766
N
767
765
738
D
0.29937
0.0
0.0
0.70063
V
767
N
768
766
795
739
D
0.68865
0.31135
V
768
N
769
767
740
D
0.13061
0.0
0.0
0.0
0.66262
0.20677
V
769
N
770
768
741
D
0.33005
0.00084
0.0
0.6669
0.00099
0.0
0.00122
V
770
N
771
769
742
D
0.09394
0.69513
0.0
0.0
0.21093
V
771
N
772
770
799
743
D
0.2957
0.3604
0.17377
0.13569
0.0
0.0
0.03444
V
772
N
773
771
744
D
0.14058
0.03218
0.64651
0.03956
0.0
0.0
0.14117
V
773
N
774
772
745
D
0.08041
0.05243
0.00337
0.28664
0.0
0.0
0.57715
V
774
N
775
773
746
D
0.10731
0.01423
0.0
0.0
0.70798
0.17048
V
775
N
774
803
747
D
0.48918
0.0
0.43764
0.07318
V
777
N
778
749
D
0.3234
0.01125
0.12535
0.0
0.11417
0.0
0.42583
V
778
N
779
777
750
D
0.35947
0.0
0.44304
0.04271
0.0
0.05024
0.10454
V
779
N
780
778
751
D
0.26985
0.0
0.0
0.0
0.0
0.46649
0.26366
V
780
N
781
779
752
D
0.01236
0.0
0.0
0.0
0.07702
0.91062
V
781
N
782
780
753
D
0.09345
0.0
0.0
0.59881
0.0
0.30774
V
782
N
783
781
754
D
0.01385
0.62392
0.31685
0.04538
V
783
N
782
755
D
0.52393
0.0
0.18649
0.21209
0.07749
V
790
N
791
818
762
D
0.81694
0.0
0.0
0.0
0.0
0.0
0.18306
V
791
N
792
790
819
763
D
0.79954
0.07438
0.0
0.05043
0.0
0.0
0.07565
V
792
N
791
820
764
D
0.01011
0.0
0.22135
0.0
0.76854
V
795
N
823
767
D
0.01072
0.25562
0.13707
0.0062
0.0
0.0
0.59039
V
799
N
827
771
D
0.73896
0.0
0.18015
0.02071
0.00496
0.05522
V
803
N
831
775
D
0.56235
0.0
0.01415
0.4235
V
813
N
814
D
0.35808
0.24399
0.06305
0.33488
V
814
N
815
813
842
D
0.06684
0.0
0.84738
0.0
0.08157
0.00414
7e-05
V
815
N
816
814
843
D
0.0354
0.0
0.0
0.25119
0.13973
0.0
0.57368
V
816
N
817
815
844
D
0.0275
0.0
0.45061
0.0
0.0
0.02441
0.49748
V
817
N
818
816
845
D
0.07318
0.0
0.00848
0.0
0.0
0.91834
V
818
N
819
817
846
790
D
0.02289
0.11519
0.23756
0.37693
0.03985
0.20758
V
819
N
820
818
847
791
D
0.18157
0.0
0.0
0.0
0.5671
0.25133
V
820
N
819
848
792
D
0.01217
0.43241
0.01507
0.0
0.12424
0.0
0.41611
V
823
N
795
D
0.36315
0.0
0.63685
V
827
N
799
D
0.29918
0.15621
0.00391
0.5407
V
831
N
803
D
0.67485
0.13495
0.0
0.1902
V
842
N
843
870
814
D
0.3286
0.0
0.1488
0.0
0.08327
0.0
0.43933
V
843
N
844
842
871
815
D
0.42169
0.0
0.0
0.12863
0.0
0.44968
V
844
N
845
843
872
816
D
0.51024
0.0
0.0
0.0
0.28491
0.20481
4e-05
V
845
N
846
844
873
817
D
0.00635
0.0
0.374
0.0123
0.5606
0.0
0.04675
V
846
N
847
845
874
818
D
0.00205
0.0
0.03673
0.01507
0.0
0.07482
0.87133
V
847
N
848
846
875
819
D
0.16307
0.25017
0.38551
0.15448
0.0
0.0
0.04677
V
848
N
847
876
820
D
0.03516
0.02485
0.0
0.7553
0.05395
0.13074
V
869
N
870
D
0.89396
0.0
0.0
0.0
0.0
0.0
0.10604
V
870
N
871
869
842
D
0.21209
0.1177
0.59319
0.0
0.07702
V
871
N
872
870
843
D
0.53888
0.17836
0.28276
V
872
N
873
871
844
D
0.20326
0.05984
0.0
0.02042
0.36168
0.3548
V
873
N
874
872
845
D
0.52685
0.17814
0.0
0.04725
0.13489
0.07234
0.04053
V
874
N
875
873
902
846
D
0.15125
0.78253
0.0
0.0
0.0
0.06622
V
875
N
876
874
903
847
D
0.05473
0.34553
0.0
0.04921
0.0
0.39472
0.15581
V
876
N
875
904
848
D
0.4268
0.0
0.0
0.36509
0.08551
0.0
0.1226
V
902
N
903
930
874
D
0.42436
0.27415
0.24644
0.0
0.0
0.05505
V
903
N
904
902
931
875
D
0.05237
0.01954
0.92809
V
904
N
903
876
D
0.33629
0.66371
V
925
N
926
953
D
0.98835
0.0
0.0
0.00753
0.0
0.00412
V
926
N
927
925
954
D
0.40976
0.0
0.0
0.08111
0.14987
0.0
0.35926
V
927
N
928
926
955
D
0.88508
0.0
0.11492
V
928
N
929
927
956
D
0.10344
0.02273
0.10572
0.01597
0.0
0.73527
0.01687
V
929
N
930
928
957
D
0.14549
0.62975
0.0
0.12545
0.0
0.0
0.09931
V
930
N
931
929
958
902
D
0.62722
0.24166
0.0
0.12905
0.0
0.0
0.00207
V
931
N
930
959
903
D
0.10581
0.0
0.0
0.83501
0.0
0.0
0.05918
V
953
N
954
981
925
D
0.73843
0.02441
0.03471
0.0
0.18946
0.0
0.01299
V
954
N
955
953
982
926
D
0.01988
0.0
0.97006
0.0
0.01006
V
955
N
956
954
983
927
D
0.0937
0.50613
0.0
0.0
0.25832
0.13881
0.00304
V
956
N
957
955
984
928
D
0.00168
0.00024
0.0
0.09984
0.79436
0.0
0.10388
V
957
N
958
956
985
929
D
0.17237
0.0
0.0
0.7997
0.0
0.02793
V
958
N
959
957
986
930
D
0.40072
0.00294
0.0
0.0
0.02095
0.57539
V
959
N
960
958
987
931
D
0.21219
0.02318
0.0
0.37378
0.33171
0.0
0.05914
V
960
N
959
D
0.03317
0.22738
0.0
0.0
0.0
0.73945
V
981
N
982
953
D
0.4296
0.0
0.0
0.0
0.11495
0.33779
0.11766
V
982
N
983
981
954
D
0.56026
0.0
0.0
0.0
0.0
0.0704
0.36934
V
983
N
984
982
955
D
0.04099
0.08456
0.74739
0.0
0.08616
0.0409
V
984
N
985
983
956
D
0.6105
0.0
0.0
0.07951
0.0
0.30999
V
985
N
986
984
957
D
0.21924
0.69743
0.0
0.00719
0.00596
0.0
0.07018
V
986
N
987
985
958
D
0.07262
0.15116
0.0
0.0
0.20384
0.44586
0.12652
V
987
N
986
959
D
0.11454
0.15331
0.0
0.61629
0.00649
0.10937
