i_208_35_368_FR_ost101d
368
ost101d
A
0
19877
344
297
A
1
19877
365
356
A
2
19877
342
35
A
3
19877
220
368
A
4
19877
315
230
A
5
19877
195
258
A
6
19877
220
247
A
7
19877
255
241
A
8
19877
253
358
A
9
19877
330
214
A
10
19877
350
240
A
11
19877
347
91
A
12
19877
213
117
A
13
19877
354
120
A
14
19877
326
255
A
15
19877
308
268
A
16
19877
212
104
A
17
19877
202
216
A
18
19877
260
294
A
19
19877
233
365
A
20
19877
358
325
A
21
19877
252
8
A
22
19877
327
299
A
23
19877
263
321
A
24
19877
253
355
A
25
19877
234
104
A
26
19877
240
185
A
27
19877
293
228
A
28
19877
321
303
A
29
19877
364
100
A
30
19877
309
302
A
31
19877
343
114
A
32
19877
291
45
A
33
19877
299
292
A
34
19877
367
254
V
19877
N
20069
D
0.25857
0.47231
0.0917
0.0
0.17742
V
20068
N
20069
20260
D
0.96854
0.0
0.0
0.0
0.0
0.0
0.03146
V
20069
N
20068
20261
19877
D
0.04608
0.0
0.0
0.0
0.95392
V
20260
N
20261
20068
D
0.50295
0.0
0.0
0.0
0.49705
V
20261
N
20262
20260
20453
20069
D
0.02584
0.0
0.0
0.12836
0.8458
V
20262
N
20261
20454
D
0.73593
0.0
0.02186
0.18451
0.0577
V
20453
N
20454
20261
D
0.69954
0.0
0.0
0.0
0.30046
V
20454
N
20453
20646
20262
D
0.69655
0.0
0.0
0.0
0.0
0.0
0.30345
V
20646
N
20647
20454
D
0.03421
0.53942
0.0
0.08248
0.33064
0.0082
0.00505
V
20647
N
20646
20839
D
0.24146
0.07531
0.0
0.6822
0.00103
V
20839
N
21031
20647
D
0.03225
0.0
0.0
0.0
0.07909
0.88866
V
21030
N
21031
21222
D
0.2595
0.25546
0.0
0.0
0.32018
0.0
0.16486
V
21031
N
21032
21030
21223
20839
D
0.07324
0.07066
0.1751
0.15026
0.52321
0.0
0.00753
V
21032
N
21031
21224
D
0.21029
0.69617
0.0
0.0
0.00553
0.08801
V
21046
N
21047
21238
D
0.55191
0.22943
0.21688
0.0
0.00178
V
21047
N
21048
21046
21239
D
0.00337
0.11255
0.48113
0.29837
0.0
0.04151
0.06307
V
21048
N
21049
21047
21240
D
0.04593
0.85033
0.0
0.10374
V
21049
N
21048
21241
D
0.13201
0.0
0.0
0.0
0.0
0.86799
V
21221
N
21222
21413
D
0.21705
0.0
0.0
0.0
0.0
0.78295
V
21222
N
21223
21221
21414
21030
D
0.5209
0.0
0.10878
0.0
0.0
0.37032
V
21223
N
21224
21222
21415
21031
D
0.14261
0.10326
0.14088
0.05737
0.55588
V
21224
N
21225
21223
21416
21032
D
0.81308
0.0
0.0
0.10795
0.0
0.07897
V
21225
N
21224
D
0.00333
0.16873
0.0
0.0
0.82794
V
21235
N
21236
21427
D
0.32553
0.0
0.0209
0.62979
0.0
0.02378
V
21236
N
21237
21235
21428
D
0.10049
0.80379
0.06296
0.0
0.0
0.0
0.03276
V
21237
N
21238
21236
21429
D
0.1483
0.8517
V
21238
N
21239
21237
21430
21046
D
0.52961
0.0
0.00196
0.3872
0.0
0.08123
V
21239
N
21240
21238
21431
21047
D
0.29524
0.0
0.39019
0.0
0.06843
0.19197
0.05417
V
21240
N
21241
21239
21432
21048
D
0.5883
0.0
0.0
0.0
0.14582
0.0
0.26588
V
21241
N
21242
21240
21433
21049
D
0.92081
0.0
0.0
0.0
0.0516
0.02759
V
21242
N
21243
21241
21434
D
0.07444
0.0
0.0
0.0
0.25987
0.0
0.66569
V
21243
N
21242
21435
D
0.11044
0.0
0.0
0.11332
0.52455
0.25169
V
21410
N
21411
D
0.08454
0.00127
0.0
0.48198
0.00713
0.42508
V
21411
N
21412
21410
21603
D
0.00088
0.00052
0.03659
0.00034
0.03718
0.00057
0.92392
V
21412
N
21413
21411
21604
D
0.63383
0.0
0.36617
V
21413
N
21414
21412
21605
21221
D
0.22088
0.05908
0.0
0.01519
0.0
0.0
0.70485
V
21414
N
21415
21413
21606
21222
D
0.04604
0.70629
0.10335
0.0
0.03504
0.02504
0.08424
V
21415
N
21416
21414
21607
21223
D
0.31556
0.00563
0.59366
0.0
0.0
0.08515
V
21416
N
21415
21608
21224
D
0.5883
0.4117
V
21426
N
21427
21618
D
0.48537
0.0
0.0
0.21565
0.0
0.29898
V
21427
N
21428
21426
21619
21235
D
0.30557
0.0
0.0
0.0
0.07921
0.0
0.61522
V
21428
N
21429
21427
21620
21236
D
0.08158
0.0
0.19628
0.06325
0.12092
0.0
0.53797
V
21429
N
21430
21428
21621
21237
D
0.53518
0.22963
0.0
0.03457
0.12079
0.07983
V
21430
N
21431
21429
21622
21238
D
0.23165
0.0843
0.0
0.0
0.51163
0.17242
V
21431
N
21432
21430
21623
21239
D
0.02174
0.37633
0.0
0.16954
0.11602
0.0
0.31637
V
21432
N
21433
21431
21624
21240
D
0.05814
0.81941
0.11778
0.00467
V
21433
N
21434
21432
21625
21241
D
0.25481
0.65704
0.0
0.08815
V
21434
N
21435
21433
21626
21242
D
0.05422
0.15354
0.04711
0.05954
0.0
0.64299
0.0426
V
21435
N
21436
21434
21627
21243
D
0.24745
0.0
0.54039
0.0
0.0
0.21216
V
21436
N
21435
21628
D
0.00183
0.52392
0.0
0.0
0.0
0.0017
0.47255
V
21603
N
21604
21411
D
0.64295
0.04119
0.0
0.0
0.0
0.31586
V
21604
N
21605
21603
21796
21412
D
0.24263
0.0
0.0
0.0
0.31199
0.0
0.44538
V
21605
N
21606
21604
21797
21413
D
0.69714
0.0
0.0
0.30286
V
21606
N
21607
21605
21798
21414
D
0.6531
0.26501
0.08189
V
21607
N
21608
21606
21799
21415
D
0.29549
0.0
0.02569
0.0
0.10195
0.57687
V
21608
N
21609
21607
21800
21416
D
0.13215
0.0
0.0
0.23299
0.05212
0.0
0.58274
V
21609
N
21610
21608
21801
D
0.01763
0.11666
0.42318
0.0
0.38928
0.0399
0.01335
V
21610
N
21611
21609
21802
D
0.00741
0.98545
0.0
0.0
0.00626
0.00088
V
21611
N
21610
21803
D
0.41942
0.4276
0.0
0.09557
0.03859
0.01882
V
21617
N
21618
21809
D
0.72368
0.0
0.0
0.27632
V
21618
N
21619
21617
21810
21426
D
0.07764
0.65103
0.01417
0.04355
0.02308
0.0
0.19053
V
21619
N
21620
21618
21811
21427
D
0.66882
0.01872
0.09991
0.0
0.0
0.21255
V
21620
N
21621
21619
21812
21428
D
0.16587
0.0
0.64129
0.0
0.19284
V
21621
N
21622
21620
21813
21429
D
0.35968
0.51557
0.12475
V
21622
N
21623
21621
21814
21430
D
0.03495
0.89997
0.0
0.0548
0.0
0.0
0.01028
V
21623
N
21624
21622
21815
21431
D
0.57855
0.0
0.0
0.0
0.42145
V
21624
N
21625
21623
21816
21432
D
0.05287
0.51198
0.13584
0.03328
0.26603
V
21625
N
21626
21624
21817
21433
D
0.71427
0.00654
0.0
0.0
0.16298
0.0
0.11621
V
21626
N
21627
21625
21818
21434
D
0.56434
0.0712
0.0
0.0
0.36446
V
21627
N
21628
21626
21819
21435
D
0.91439
0.08561
V
21628
N
21629
21627
21820
21436
D
0.73412
0.0
0.0
0.0
0.0
0.0
0.26588
V
21629
N
21628
D
0.96684
0.03225
0.00091
V
21796
N
21797
21604
D
0.29244
0.0
0.70756
V
21797
N
21798
21796
21989
21605
D
0.66363
0.0
0.0
0.30774
0.0
0.01189
0.01674
V
21798
N
21799
21797
21990
21606
D
0.01926
0.0
0.06515
0.08171
0.83388
V
21799
N
21800
21798
21991
21607
D
0.03341
0.27043
0.0
0.0
0.0
0.68978
0.00638
V
21800
N
21801
21799
21992
21608
D
0.08969
0.61889
0.0
0.0482
0.01441
0.0
0.22881
V
21801
N
21802
21800
21993
21609
D
0.01938
0.85091
0.08
0.0
0.00063
0.0
0.04908
V
21802
N
21803
21801
21994
21610
D
0.17783
0.61107
0.0
0.00733
0.17356
0.0
0.03021
V
21803
N
21804
21802
21995
21611
D
0.03998
0.2643
0.0
0.0
0.20513
0.0
0.49059
V
21804
N
21805
21803
21996
D
0.11689
0.0
0.0
0.77485
0.01434
0.0
0.09392
V
21805
N
21806
21804
21997
D
0.72545
0.25688
0.0
0.01767
V
21806
N
21807
21805
21998
D
0.33905
0.0
0.0
0.0
0.0
0.55269
0.10826
V
21807
N
21806
21999
D
0.16199
0.0
0.0
0.83801
V
21809
N
21810
21617
D
0.26079
0.0
0.0
0.0
0.29498
0.44423
V
21810
N
21811
21809
22002
21618
D
0.48817
0.0
0.0
0.51183
V
21811
N
21812
21810
22003
21619
D
0.23383
0.0
0.0
0.0
0.0
0.17982
0.58635
V
21812
N
21813
21811
22004
21620
D
0.21002
0.13284
0.0
0.0
0.0
0.0
0.65714
V
21813
N
21814
21812
22005
21621
D
0.73497
0.0
0.0
0.0
0.0
0.26503
V
21814
N
21815
21813
22006
21622
D
0.49869
0.0
0.48817
0.0
0.01314
V
21815
N
21816
21814
22007
21623
D
0.83317
0.0
0.0
0.0
0.0
0.0
0.16683
V
21816
N
21817
21815
22008
21624
D
0.23215
0.0
0.0
0.0
0.36156
0.0
0.40629
V
21817
N
21818
21816
22009
21625
D
0.85493
0.0
0.0
0.0
0.04669
0.05989
0.03849
V
21818
N
21819
21817
22010
21626
D
1e-05
0.0
0.00044
0.00231
0.0063
0.0
0.99094
V
21819
N
21820
21818
21627
D
0.02769
0.0
0.0
0.03131
0.10272
0.0
0.83828
V
21820
N
21819
21628
D
0.00671
0.0
0.0003
0.00123
0.0
0.99176
V
21989
N
21990
22181
21797
D
0.00991
0.0
0.10181
0.56881
0.16835
0.0
0.15112
V
21990
N
21991
21989
22182
21798
D
0.07597
0.0
0.0
0.0
0.83776
0.0
0.08627
V
21991
N
21992
21990
22183
21799
D
0.03823
0.48029
0.00101
0.20543
0.16484
0.1102
V
21992
N
21993
21991
22184
21800
D
0.15449
0.58098
0.10375
0.0
0.07438
0.0864
V
21993
N
21994
21992
22185
21801
D
0.97492
0.0
0.02508
V
21994
N
21995
21993
22186
21802
D
0.16393
0.0
0.11247
0.02487
0.14079
0.50103
0.05691
V
21995
N
21996
21994
22187
21803
D
0.00208
0.42996
0.17826
0.0
0.0
0.3897
V
21996
N
21997
21995
22188
21804
D
0.25031
0.0
0.0
0.0
0.74969
V
21997
N
21998
21996
22189
21805
D
0.05549
0.0
0.0
0.01039
0.49362
0.35114
0.08936
V
21998
N
21999
21997
22190
21806
D
0.25701
0.01897
0.38571
0.0
0.0
0.33831
V
21999
N
22000
21998
22191
21807
D
0.39306
0.00345
0.46444
0.0
0.13905
V
22000
N
21999
22192
D
0.30415
0.0
0.33489
0.0
0.0
0.23641
0.12455
V
22002
N
22003
22194
21810
D
0.19154
0.0
0.32586
0.4826
V
22003
N
22004
22002
22195
21811
D
0.67283
0.00812
0.0
0.0
0.0
0.31905
V
22004
N
22005
22003
22196
21812
D
0.97261
0.00041
0.0
0.01296
0.00029
0.00386
0.00987
V
22005
N
22006
22004
22197
21813
D
0.18926
0.0
0.38328
0.01329
0.21813
0.19604
V
22006
N
22007
22005
22198
21814
D
0.27906
0.69878
0.0
0.0
0.0
0.02216
V
22007
N
22008
22006
22199
21815
D
0.52914
0.40188
0.0
0.05743
0.0
0.0
0.01155
V
22008
N
22009
22007
22200
21816
D
0.00021
4e-05
0.02078
0.0
0.97324
0.0057
3e-05
V
22009
N
22010
22008
22201
21817
D
0.44229
0.0
0.0
0.0
0.52296
0.0297
0.00505
V
22010
N
22009
21818
D
0.28381
0.0
0.0
0.41444
0.0
0.30175
V
22181
N
22182
21989
D
0.97562
0.0
0.0
0.01408
0.0103
V
22182
N
22183
22181
21990
D
0.00022
0.00018
0.97788
0.00187
0.0024
0.01638
0.00107
V
22183
N
22184
22182
21991
D
0.01932
0.00257
0.13611
0.0
0.0
0.76937
0.07263
V
22184
N
22185
22183
21992
D
0.67373
0.0
0.0
0.0
0.00243
0.00221
0.32163
V
22185
N
22186
22184
22377
21993
D
0.51541
0.00224
0.09308
0.0
0.38927
V
22186
N
22187
22185
22378
21994
D
0.28426
0.16526
0.1166
0.0
0.0
0.0
0.43388
V
22187
N
22188
22186
21995
D
0.40259
0.1974
0.34935
0.01817
0.00138
0.03111
V
22188
N
22189
22187
22380
21996
D
0.01892
0.26084
0.31057
0.40967
V
22189
N
22190
22188
22381
21997
D
0.88255
0.11745
V
22190
N
22191
22189
22382
21998
D
0.04325
0.07914
0.16715
0.0
0.30729
0.40069
0.00248
V
22191
N
22192
22190
22383
21999
D
0.3549
0.58991
0.0
0.01118
0.03685
0.00716
V
22192
N
22191
22384
22000
D
0.03026
0.38564
0.0
0.4998
0.0
0.06768
0.01662
V
22194
N
22195
22386
22002
D
0.36144
0.04859
0.0
0.12924
0.4264
0.02824
0.00609
V
22195
N
22196
22194
22387
22003
D
0.01753
0.55312
0.0
0.0
0.35455
0.0
0.0748
V
22196
N
22197
22195
22388
22004
D
0.79836
0.01216
0.0
0.0
0.0
0.0
0.18948
V
22197
N
22198
22196
22389
22005
D
0.81931
0.18069
V
22198
N
22199
22197
22390
22006
D
0.73052
0.26948
V
22199
N
22200
22198
22391
22007
D
0.76827
0.0
0.0
0.0
0.0
0.0
0.23173
V
22200
N
22201
22199
22392
22008
D
0.7828
0.0
0.0
0.0
0.0
0.0
0.2172
V
22201
N
22200
22393
22009
D
0.3129
0.28197
0.40513
V
22377
N
22378
22569
22185
D
0.00328
0.0
0.0
0.0
0.0
0.17719
0.81953
V
22378
N
22377
22186
D
0.63415
0.0
0.0
0.0
0.0
0.0
0.36585
V
22380
N
22381
22188
D
0.0003
0.26278
0.47269
0.00233
0.23966
0.02224
V
22381
N
22382
22380
22189
D
0.90789
0.0313
0.0
0.05233
0.0
0.00848
V
22382
N
22383
22381
22574
22190
D
0.11354
0.0
0.76834
0.00336
0.0
0.11476
V
22383
N
22384
22382
22575
22191
D
0.02364
0.0
0.15887
0.0
0.81749
V
22384
N
22385
22383
22576
22192
D
0.00853
0.24969
0.74178
V
22385
N
22386
22384
22577
D
0.43194
0.00273
0.0
0.11027
0.0
0.42946
0.0256
V
22386
N
22387
22385
22578
22194
D
0.03316
0.0
0.46196
0.50488
V
22387
N
22388
22386
22579
22195
D
0.53531
0.34074
0.0
0.0
0.01665
0.0
0.1073
V
22388
N
22389
22387
22580
22196
D
0.21257
0.66888
0.02561
0.09294
V
22389
N
22390
22388
22581
22197
D
0.13994
0.0
0.86006
V
22390
N
22391
22389
22582
22198
D
0.12598
0.0
0.00699
0.0
0.0
0.36297
0.50406
V
22391
N
22392
22390
22583
22199
D
0.9302
0.0
0.0
0.0698
V
22392
N
22393
22391
22200
D
0.18025
0.44221
0.0
0.21847
0.0
0.0196
0.13947
V
22393
N
22392
22201
D
0.88488
0.11512
V
22569
N
22761
22377
D
0.79976
0.0
0.0
0.20024
V
22574
N
22575
22382
D
0.122
0.0
0.75617
0.12056
0.0
0.00127
V
22575
N
22576
22574
22767
22383
D
0.88404
0.0
0.11596
V
22576
N
22577
22575
22384
D
0.22454
0.52008
0.001
0.0
0.00176
0.01951
0.23311
V
22577
N
22578
22576
22769
22385
D
0.05871
0.0
0.10497
0.1342
0.0
0.70212
V
22578
N
22579
22577
22770
22386
D
0.19786
0.01322
0.70419
0.0
0.0
0.01802
0.06671
V
22579
N
22580
22578
22771
22387
D
0.28738
0.0
0.0
0.71262
V
22580
N
22581
22579
22772
22388
D
0.58126
0.41023
0.0
0.00851
V
22581
N
22582
22580
22773
22389
D
0.94985
0.02947
0.0
0.0
0.0
0.02068
V
22582
N
22583
22581
22774
22390
D
0.14246
0.39148
0.0
0.03936
0.1965
0.2302
V
22583
N
22582
22391
D
0.1483
0.0
0.0
0.62793
0.00057
0.0
0.2232
V
22761
N
22569
D
0.23458
0.0
0.01139
0.08291
0.01435
0.65677
V
22767
N
22575
D
0.23053
0.61352
0.0
0.09202
0.0
0.0
0.06393
V
22769
N
22770
22577
D
0.12226
0.0
0.0
0.87774
V
22770
N
22771
22769
22962
22578
D
0.21497
0.01346
0.51276
0.0
0.03663
0.22218
V
22771
N
22772
22770
22963
22579
D
0.62827
0.0
0.0
0.0
0.26403
0.1077
V
22772
N
22773
22771
22964
22580
D
0.3252
0.0
0.01539
0.03014
0.0
0.1793
0.44997
V
22773
N
22774
22772
22965
22581
D
8e-05
0.0
0.0
0.99458
0.0051
0.00024
V
22774
N
22773
22966
22582
D
0.35999
0.0
0.0
0.26501
0.25757
0.11743
V
22962
N
22963
23154
22770
D
0.2373
0.20255
0.0
0.45555
0.1046
V
22963
N
22964
22962
23155
22771
D
0.35101
0.56814
0.0
0.00658
0.0
0.0
0.07427
V
22964
N
22965
22963
23156
22772
D
0.89821
0.05112
0.0
0.0
0.0
0.04055
0.01012
V
22965
N
22966
22964
23157
22773
D
0.04734
0.00797
0.09844
0.0
0.01217
0.83408
V
22966
N
22965
23158
22774
D
0.48293
0.0
0.0
0.0
0.0
0.0
0.51707
V
23154
N
23155
23346
22962
D
0.67827
0.0
0.16638
0.0
0.0
0.0
0.15535
V
23155
N
23156
23154
23347
22963
D
0.30077
0.06978
0.02039
0.0504
0.55866
V
23156
N
23157
23155
23348
22964
D
0.02644
0.0
0.64282
0.0
0.10551
0.10569
0.11954
V
23157
N
23158
23156
23349
22965
D
0.06984
0.0
0.007
0.7918
0.0
0.01842
0.11294
V
23158
N
23157
22966
D
0.01395
0.0
0.04221
0.92051
0.0
0.0
0.02333
V
23346
N
23347
23538
23154
D
0.85596
0.0
0.0
0.0
0.14404
V
23347
N
23348
23346
23539
23155
D
0.86269
0.0
0.0
0.0
0.13731
V
23348
N
23349
23347
23540
23156
D
0.35807
0.00377
0.14981
0.36708
0.12003
0.00124
V
23349
N
23348
23157
D
0.00012
0.0
0.76678
0.0
0.0
0.22955
0.00355
V
23535
N
23727
D
0.14854
0.0
0.19872
0.11692
0.0
0.0
0.53582
V
23538
N
23539
23730
23346
D
0.87245
0.12755
V
23539
N
23540
23538
23731
23347
D
0.01489
0.00109
0.0
0.01974
0.0118
0.0
0.95248
V
23540
N
23539
23732
23348
D
0.79085
0.0
0.04499
0.0
0.0
0.16416
V
23727
N
23728
23535
D
0.21903
0.07645
0.0
0.0
0.60229
0.04604
0.05619
V
23728
N
23729
23727
23920
D
0.02187
0.0
0.71447
0.0
0.0
0.17025
0.09341
V
23729
N
23730
23728
23921
D
0.01044
0.92534
0.01346
0.0
0.00753
0.04323
V
23730
N
23731
23729
23922
23538
D
0.02564
0.58458
0.04823
0.0
0.33107
0.01048
V
23731
N
23732
23730
23923
23539
D
0.0709
0.05695
0.0453
0.0
0.0
0.00682
0.82003
V
23732
N
23731
23540
D
0.00112
0.99888
V
23920
N
23921
23728
D
0.2967
0.0
0.0
0.08302
0.62028
V
23921
N
23922
23920
24113
23729
D
0.15257
0.0
0.0
0.0
0.0
0.0
0.84743
V
23922
N
23923
23921
24114
23730
D
0.07049
0.04474
0.11676
0.13954
0.62742
0.0
0.00105
V
23923
N
23922
24115
23731
D
0.16515
0.2313
0.53861
0.0
0.0
0.06494
V
24113
N
24114
24305
23921
D
0.00238
0.0
0.0
0.01311
0.1192
0.0005
0.86481
V
24114
N
24115
24113
24306
23922
D
0.0879
0.0
0.0
0.9121
V
24115
N
24114
24307
23923
D
0.6951
0.00966
0.0
0.01874
0.0989
0.12853
0.04907
V
24305
N
24306
24497
24113
D
0.90979
0.01752
0.0
0.06365
0.0
0.0
0.00904
V
24306
N
24307
24305
24498
24114
D
0.3023
0.0
0.0
0.0
0.0
0.0
0.6977
V
24307
N
24306
24115
D
0.36699
0.0
0.27238
0.0
0.25934
0.10129
V
24497
N
24498
24305
D
0.20515
0.79485
V
24498
N
24497
24306
D
0.30607
0.62032
0.0
0.0
0.01248
0.00838
0.05275
