i_224_6_30_FR_X
30
X
A
0
1
27
28
A
1
1
20
18
A
2
1
27
6
A
3
1
21
12
A
4
1
23
7
A
5
1
25
30
V
1
N
2
17
D
0.8437
0.0
0.0417
V
2
N
3
1
18
D
0.0626
0.9143
0.0
0.0009
0.0
V
3
N
4
2
19
D
0.0002
0.745
0.0
0.0012
0.0005
0.001
V
4
N
5
3
20
D
0.0331
0.9669
V
5
N
6
4
21
D
0.3305
0.0
0.0044
0.6207
V
6
N
7
5
22
D
0.0488
0.0
0.0
V
7
N
8
6
23
D
0.8988
0.0
0.0719
0.0
V
8
N
9
7
24
D
0.1354
0.0
0.0
0.2464
0.0851
V
9
N
10
8
25
D
0.4206
0.0
0.1873
0.094
V
10
N
11
9
26
D
0.0614
0.9149
0.0041
0.0
V
11
N
12
10
27
D
0.0002
0.0009
0.0002
0.9973
0.0001
0.0
V
12
N
13
11
28
D
0.0037
0.0005
0.9575
0.0
V
13
N
14
12
29
D
0.0037
0.0508
0.0
0.0107
0.2475
V
14
N
15
13
30
D
0.0112
0.0
0.0
V
15
N
16
14
31
D
0.9653
0.0347
V
16
N
15
32
D
0.2853
0.0
V
17
N
18
33
1
D
0.0016
0.0099
0.0696
0.0967
0.7504
0.0718
V
18
N
19
17
34
2
D
0.1147
0.3325
0.2063
0.0
0.2133
V
19
N
20
18
35
3
D
0.2095
0.0
0.067
0.1222
V
20
N
21
19
36
4
D
0.6011
0.0007
0.0047
0.019
0.012
0.0
V
21
N
22
20
37
5
D
0.0546
0.0
0.7313
0.0096
0.022
0.0082
V
22
N
23
21
38
6
D
0.1863
0.0142
0.0
0.3005
0.1702
V
23
N
24
22
39
7
D
0.2999
0.0955
0.0
0.0
V
24
N
25
23
40
8
D
0.4101
0.0
V
25
N
26
24
41
9
D
0.0972
0.672
0.0
V
26
N
27
25
42
10
D
0.8917
0.0621
0.0312
0.0
V
27
N
28
26
43
11
D
0.8939
0.0
0.0
0.0496
V
28
N
29
27
44
12
D
0.292
0.2358
0.0431
0.1189
0.2732
0.0185
0.0185
V
29
N
30
28
45
13
D
0.3295
0.0027
0.5594
0.0
V
30
N
31
29
46
14
D
0.3369
0.0023
0.6452
0.0
V
31
N
32
30
47
15
D
0.1387
0.0
0.1208
0.3743
0.0
V
32
N
31
48
16
D
0.9889
0.0
V
33
N
34
49
17
D
0.8374
0.0
V
34
N
35
33
50
18
D
0.3631
0.0
V
35
N
36
34
51
19
D
0.4259
0.0
V
36
N
37
35
52
20
D
0.0056
0.0224
0.0
0.5502
0.1329
0.2852
V
37
N
38
36
53
21
D
0.5043
0.0
0.4359
0.0263
V
38
N
39
37
54
22
D
0.0174
0.1351
0.0
0.0582
0.0
V
39
N
40
38
55
23
D
0.0004
0.9842
0.0
V
40
N
41
39
56
24
D
0.5202
0.161
0.1848
0.134
V
41
N
42
40
57
25
D
0.6446
0.2873
0.0334
0.0212
0.0
V
42
N
43
41
58
26
D
0.3224
0.0
0.0
V
43
N
44
42
59
27
D
0.0001
0.8209
0.1241
0.0004
0.0
0.0545
V
44
N
45
43
60
28
D
0.1704
0.0
V
45
N
46
44
61
29
D
0.2257
0.0
0.0
V
46
N
47
45
62
30
D
0.1186
0.0
0.0
V
47
N
48
46
63
31
D
0.0392
0.7144
0.0
0.2455
V
48
N
47
64
32
D
0.3653
0.0
0.1475
0.2584
0.0663
0.1412
V
49
N
50
65
33
D
0.126
0.0111
0.0
0.007
0.4323
0.2802
V
50
N
51
49
66
34
D
0.6088
0.206
0.0
0.1092
0.016
V
51
N
52
50
67
35
D
0.0571
0.0
V
52
N
53
51
68
36
D
0.0247
0.0105
0.9531
0.0
V
53
N
54
52
69
37
D
0.2047
0.5059
0.0
V
54
N
55
53
70
38
D
0.0053
0.0295
0.9492
0.0
V
55
N
56
54
71
39
D
0.2156
0.0
V
56
N
57
55
72
40
D
0.2874
0.0
V
57
N
58
56
73
41
D
0.9955
0.0
0.0002
0.0
V
58
N
59
57
74
42
D
0.0716
0.0
0.0
0.0
V
59
N
60
58
75
43
D
0.1119
0.0
0.0
V
60
N
61
59
76
44
D
0.0033
0.0
0.0
V
61
N
62
60
77
45
D
0.22
0.5063
0.0
V
62
N
63
61
78
46
D
0.5457
0.0
V
63
N
64
62
79
47
D
0.0132
0.8759
0.0577
0.0532
V
64
N
63
80
48
D
0.7727
0.0
V
65
N
66
81
49
D
0.6763
0.0
0.0
0.0196
V
66
N
67
65
82
50
D
0.2293
0.0
0.0
0.1106
V
67
N
68
66
83
51
D
0.2355
0.0
0.2901
0.0
V
68
N
69
67
84
52
D
0.5306
0.2011
0.0
0.1652
V
69
N
70
68
85
53
D
0.2312
0.0852
0.6196
0.0
0.0
V
70
N
71
69
86
54
D
0.5821
0.1479
0.0
0.0223
V
71
N
72
70
87
55
D
0.0309
0.9691
V
72
N
73
71
88
56
D
0.1154
0.0
0.1007
0.0623
V
73
N
74
72
89
57
D
0.0935
0.0
0.1898
V
74
N
75
73
90
58
D
0.317
0.0006
0.4865
0.0
0.0
V
75
N
76
74
91
59
D
0.6169
0.0
0.3088
V
76
N
77
75
92
60
D
0.375
0.0114
0.1704
0.0
0.3914
V
77
N
78
76
93
61
D
0.0381
0.4509
0.0036
0.0
V
78
N
79
77
94
62
D
0.0549
0.0
V
79
N
80
78
95
63
D
0.4556
0.3786
0.0
V
80
N
79
96
64
D
0.1764
0.0315
0.0
0.1983
V
81
N
82
97
65
D
0.5468
0.0
0.0
V
82
N
83
81
98
66
D
0.1505
0.0
0.0
0.0
V
83
N
84
82
99
67
D
0.7636
0.0
0.0464
0.0134
V
84
N
85
83
100
68
D
0.0466
0.12
0.0
0.1867
V
85
N
86
84
101
69
D
0.1776
0.0
V
86
N
87
85
102
70
D
0.0111
0.0031
0.764
0.0012
0.0
V
87
N
88
86
103
71
D
0.485
0.2529
0.0
V
88
N
89
87
104
72
D
0.017
0.9533
0.0225
0.0072
V
89
N
90
88
105
73
D
0.0944
0.0
0.0275
0.0
0.0959
V
90
N
91
89
106
74
D
0.7163
0.0
0.1787
0.0108
0.0815
V
91
N
92
90
107
75
D
0.7512
0.2477
0.0011
V
92
N
93
91
108
76
D
0.5197
0.4803
V
93
N
94
92
109
77
D
0.5981
0.0328
0.1525
0.1436
0.032
0.041
V
94
N
95
93
110
78
D
0.9775
0.0
V
95
N
96
94
111
79
D
0.0336
0.0
0.5269
0.0869
0.322
V
96
N
95
112
80
D
0.094
0.0
0.0
V
97
N
98
113
81
D
0.2101
0.0
V
98
N
99
97
114
82
D
0.8713
0.0
0.0
V
99
N
100
98
115
83
D
0.2488
0.3908
0.0206
0.0
V
100
N
101
99
116
84
D
0.0867
0.0
0.0
V
101
N
102
100
117
85
D
0.922
0.0
V
102
N
103
101
118
86
D
0.7975
0.0
V
103
N
104
102
119
87
D
0.4602
0.3539
0.0
0.0117
V
104
N
105
103
120
88
D
0.1539
0.0
0.1028
V
105
N
106
104
121
89
D
0.2113
0.4913
0.0
V
106
N
107
105
122
90
D
0.0368
0.0
0.0
V
107
N
108
106
123
91
D
0.0338
0.1573
0.504
0.0014
0.0
0.0116
V
108
N
109
107
124
92
D
0.6039
0.3864
0.0
V
109
N
110
108
125
93
D
0.2611
0.0093
0.0
0.7172
V
110
N
111
109
126
94
D
0.0099
0.0
0.0004
0.0
0.927
V
111
N
112
110
127
95
D
0.4579
0.2949
0.1037
0.0
V
112
N
111
128
96
D
0.8977
0.0
0.0818
0.0
V
113
N
114
129
97
D
0.0798
0.5231
0.0
0.3777
V
114
N
115
113
130
98
D
0.7157
0.0
0.0019
0.1305
0.0
V
115
N
116
114
131
99
D
0.8732
0.0
0.0
0.061
V
116
N
117
115
132
100
D
0.2196
0.0762
0.0
0.2038
V
117
N
118
116
133
101
D
0.6067
0.1138
0.2241
0.0
V
118
N
119
117
134
102
D
0.0564
0.0359
0.0
0.0
V
119
N
120
118
135
103
D
0.1745
0.0
0.0
V
120
N
121
119
136
104
D
0.5569
0.4431
V
121
N
122
120
137
105
D
0.0466
0.9135
0.0
0.0
V
122
N
123
121
138
106
D
0.935
0.0
V
123
N
124
122
139
107
D
0.8992
0.0
0.0
V
124
N
125
123
140
108
D
0.8192
0.0
0.1388
V
125
N
126
124
141
109
D
0.001
0.024
0.5711
0.0
0.0029
0.3982
V
126
N
127
125
142
110
D
0.3637
0.1658
0.0
V
127
N
128
126
143
111
D
0.1495
0.2438
0.0
0.2694
V
128
N
127
144
112
D
0.8224
0.0
0.0
0.0
V
129
N
130
145
113
D
0.184
0.0
0.0
V
130
N
131
129
146
114
D
0.0603
0.0
0.0
0.0041
V
131
N
132
130
147
115
D
0.4741
0.0
0.0
0.0
V
132
N
133
131
148
116
D
0.476
0.0
0.0864
V
133
N
134
132
149
117
D
0.425
0.0171
0.0
0.0
V
134
N
135
133
150
118
D
0.0899
0.0
0.0
V
135
N
136
134
151
119
D
0.0113
0.5573
0.0753
0.0
V
136
N
137
135
152
120
D
0.3361
0.0
0.2058
V
137
N
138
136
153
121
D
0.2275
0.353
0.308
0.0005
0.088
0.01
0.013
V
138
N
139
137
154
122
D
0.023
0.0
0.0
0.0
V
139
N
140
138
155
123
D
0.0757
0.0388
0.7394
0.0
0.0758
0.0358
V
140
N
141
139
156
124
D
0.3205
0.0936
0.0
0.2959
V
141
N
142
140
157
125
D
0.6869
0.1464
0.0
V
142
N
143
141
158
126
D
0.0174
0.0164
0.0
0.0126
0.0
V
143
N
144
142
159
127
D
0.4125
0.0
0.0515
0.2354
0.0662
V
144
N
143
160
128
D
0.1317
0.0416
0.0394
0.0
0.005
0.78
V
145
N
146
161
129
D
0.3048
0.3055
0.14
0.0
0.1736
V
146
N
147
145
162
130
D
0.3988
0.0454
0.0
0.0
0.0224
V
147
N
148
146
163
131
D
0.2862
0.0474
0.4966
0.0
V
148
N
149
147
164
132
D
0.3213
0.5909
0.0
0.0
V
149
N
150
148
165
133
D
0.1999
0.0
0.5784
0.1001
V
150
N
151
149
166
134
D
0.4378
0.0
V
151
N
152
150
167
135
D
0.3638
0.0
V
152
N
153
151
168
136
D
0.1385
0.1178
0.0
0.127
0.0
V
153
N
154
152
169
137
D
0.1121
0.0
0.0
V
154
N
155
153
170
138
D
0.296
0.1259
0.3181
0.0588
0.0
0.1141
V
155
N
156
154
171
139
D
0.1431
0.0
0.0552
V
156
N
157
155
172
140
D
0.3938
0.0
0.0
0.0403
V
157
N
158
156
173
141
D
0.649
0.0
V
158
N
159
157
174
142
D
0.3523
0.6477
V
159
N
160
158
175
143
D
0.1991
0.0
0.3462
0.0592
V
160
N
159
176
144
D
0.0994
0.0
0.0
V
161
N
162
177
145
D
0.1053
0.0
0.1275
0.044
V
162
N
163
161
178
146
D
0.5805
0.0
0.0
V
163
N
164
162
179
147
D
0.5991
0.0
0.0
0.1308
V
164
N
165
163
180
148
D
0.2568
0.0
0.1014
0.447
V
165
N
166
164
181
149
D
0.3209
0.0
V
166
N
167
165
182
150
D
0.2309
0.0
0.2727
0.2642
0.1324
V
167
N
168
166
183
151
D
0.0232
0.2305
0.0
0.6563
V
168
N
169
167
184
152
D
0.1318
0.4507
0.0
0.0
V
169
N
170
168
185
153
D
0.043
0.957
V
170
N
171
169
186
154
D
0.9478
0.0253
0.0
0.0
0.0018
V
171
N
172
170
187
155
D
0.1928
0.0
0.0
V
172
N
173
171
188
156
D
0.0347
0.0843
0.0
0.0175
V
173
N
174
172
189
157
D
0.1912
0.8088
V
174
N
175
173
190
158
D
0.2569
0.0
V
175
N
176
174
191
159
D
0.3456
0.0
0.6148
V
176
N
175
192
160
D
0.0412
0.9409
0.0
0.0
0.0099
V
177
N
178
193
161
D
0.7641
0.0362
0.0
0.0
0.052
V
178
N
179
177
194
162
D
0.332
0.0303
0.2849
0.0001
0.0012
0.3515
V
179
N
180
178
195
163
D
0.123
0.0
0.6804
0.1811
V
180
N
181
179
196
164
D
0.0156
0.0003
0.2462
0.0784
0.6464
0.0127
0.0004
V
181
N
182
180
197
165
D
0.176
0.0
0.0
V
182
N
183
181
198
166
D
0.1076
0.0
V
183
N
184
182
199
167
D
0.0502
0.0
0.5472
0.0
0.0071
V
184
N
185
183
200
168
D
0.1563
0.2334
0.3877
0.0
0.1179
V
185
N
186
184
201
169
D
0.0133
0.7675
0.1323
0.0204
0.0
V
186
N
187
185
202
170
D
0.8616
0.0
V
187
N
188
186
203
171
D
0.409
0.0
0.4639
0.0
V
188
N
189
187
204
172
D
0.8761
0.0041
0.0
0.0251
0.049
V
189
N
190
188
205
173
D
0.0379
0.0864
0.0121
0.4828
0.3808
V
190
N
191
189
206
174
D
0.2108
0.3753
0.1839
0.0484
0.0
V
191
N
192
190
207
175
D
0.1078
0.4404
0.0
0.3005
V
192
N
191
208
176
D
0.211
0.033
0.0
0.5698
V
193
N
194
209
177
D
0.1328
0.3962
0.0
0.0471
V
194
N
195
193
210
178
D
0.1446
0.0035
0.2345
0.1878
0.0043
0.4253
V
195
N
196
194
211
179
D
0.7812
0.0
V
196
N
197
195
212
180
D
0.59
0.0
0.1331
0.0
V
197
N
198
196
213
181
D
0.104
0.0
0.0377
0.8439
V
198
N
199
197
214
182
D
0.9303
0.0
V
199
N
200
198
215
183
D
0.7178
0.2822
V
200
N
201
199
216
184
D
0.6494
0.0577
0.0
0.0
0.1702
V
201
N
202
200
217
185
D
0.0256
0.0212
0.1169
0.0
V
202
N
203
201
218
186
D
0.008
0.0907
0.1384
0.0057
0.1053
0.1584
0.4935
V
203
N
204
202
219
187
D
0.8286
0.0
V
204
N
205
203
220
188
D
0.5601
0.2734
0.0
0.0
V
205
N
206
204
221
189
D
0.3239
0.0
0.0
V
206
N
207
205
222
190
D
0.0256
0.6098
0.0
0.2247
0.075
V
207
N
208
206
223
191
D
0.6729
0.3271
V
208
N
207
224
192
D
0.6009
0.0
V
209
N
210
193
D
0.0408
0.037
0.0
0.5457
0.0
V
210
N
211
209
194
D
0.9612
0.0
V
211
N
212
210
195
D
0.2725
0.5416
0.0
0.1528
0.0284
V
212
N
213
211
196
D
0.0329
0.0329
0.3151
0.0
V
213
N
214
212
197
D
0.2909
0.6062
0.0584
0.0349
0.0096
V
214
N
215
213
198
D
0.1699
0.0
0.5586
0.0
V
215
N
216
214
199
D
0.5416
0.0
V
216
N
217
215
200
D
0.1374
0.0
0.0
0.5829
V
217
N
218
216
201
D
0.5968
0.0
0.0
0.0
V
218
N
219
217
202
D
0.15
0.0
0.0
V
219
N
220
218
203
D
0.3584
0.0
0.51
V
220
N
221
219
204
D
0.2691
0.7309
V
221
N
222
220
205
D
0.0034
0.7947
0.0
0.1496
0.0109
V
222
N
223
221
206
D
0.0177
0.0
0.6415
0.0341
0.0311
V
223
N
224
222
207
D
0.0063
0.1669
0.4712
0.0
V
224
N
223
208
D
0.3588
0.0
0.0204
0.2064
