i_233_5_54_FR_hrt001d
54
hrt001d
A
0
55
48
33
A
1
55
43
23
A
2
55
27
15
A
3
55
31
3
A
4
55
30
31
V
55
N
56
81
D
0.55316
0.0
0.0
0.0
0.0
0.0
0.44684
V
56
N
57
55
D
0.87482
0.06183
0.0
0.05145
0.0
0.0072
0.0047
V
57
N
56
83
D
0.00053
0.0
0.97606
0.02341
V
59
N
85
D
0.01466
0.01231
0.0
0.0
0.00051
0.75315
0.21937
V
80
N
81
D
0.1214
0.71573
0.01392
0.0
0.08943
0.05952
V
81
N
80
107
55
D
0.96403
0.0
0.0
0.0
0.0
0.0
0.03597
V
83
N
84
57
D
0.26911
0.66281
0.0
0.00292
3e-05
0.06114
0.00399
V
84
N
85
83
110
D
0.0044
0.79631
0.0
0.0
0.0
0.0
0.19929
V
85
N
84
111
59
D
0.38668
0.0
0.1129
0.0
0.0
0.06708
0.43334
V
107
N
108
133
81
D
0.62402
0.0
0.0
0.0
0.37598
V
108
N
107
134
D
0.17761
0.34106
0.2557
0.22563
V
110
N
111
84
D
0.46233
0.53767
V
111
N
110
85
D
0.04159
0.0
0.18764
0.20037
0.0
0.27199
0.29841
V
133
N
134
159
107
D
0.00215
0.00199
0.0
0.0
0.0
0.99481
0.00105
V
134
N
133
160
108
D
0.08674
0.21292
0.0
0.0
0.0
0.70034
V
158
N
159
184
D
0.1022
0.0
0.32469
0.57311
V
159
N
160
158
185
133
D
0.74966
0.0
0.0
0.0
0.25034
V
160
N
161
159
186
134
D
0.36667
0.0
0.0406
0.0
0.0
0.0
0.59273
V
161
N
162
160
187
D
0.121
0.30361
0.16745
0.0
0.40794
V
162
N
163
161
188
D
0.48409
0.0
0.0
0.0
0.0
0.44123
0.07468
V
163
N
162
189
D
0.32133
0.0
0.28087
0.0
0.3978
V
184
N
185
158
D
0.17718
0.06269
0.17184
0.0
0.0034
0.58489
V
185
N
186
184
211
159
D
0.74301
0.09434
0.12708
0.0
0.00247
0.0331
V
186
N
187
185
212
160
D
0.12705
0.0
0.0
0.0
0.0
0.87295
V
187
N
188
186
213
161
D
0.0128
0.15406
0.0
0.1381
0.0849
0.0
0.61014
V
188
N
189
187
214
162
D
0.4109
0.0
0.0
0.0
0.03855
0.50067
0.04988
V
189
N
188
215
163
D
0.76928
0.0
0.07681
0.0
0.0
0.1106
0.04331
V
211
N
212
237
185
D
0.15982
0.84018
V
212
N
213
211
238
186
D
0.02843
0.97126
0.00031
V
213
N
214
212
239
187
D
0.6577
0.15138
0.1216
0.0
0.06932
V
214
N
215
213
240
188
D
0.21239
0.0
0.19926
0.0
0.30468
0.0
0.28367
V
215
N
214
241
189
D
0.16596
0.05793
0.01392
0.76219
V
237
N
238
263
211
D
0.65064
0.0
0.0
0.0
0.34936
V
238
N
239
237
264
212
D
0.0011
0.85104
0.00142
0.11009
0.0
0.02002
0.01633
V
239
N
240
238
265
213
D
0.15472
0.0
0.26759
0.01458
0.56054
0.00257
V
240
N
241
239
266
214
D
0.94461
0.0
0.0
0.05539
V
241
N
242
240
267
215
D
0.6313
0.0
0.27108
0.0
0.02058
0.02033
0.05671
V
242
N
241
D
0.39174
0.0993
0.0
0.0
0.0
0.50896
V
263
N
264
289
237
D
0.00876
0.86635
0.0
0.02415
0.09202
0.00872
V
264
N
265
263
290
238
D
0.07465
0.0
0.22287
0.54313
0.02065
0.1387
V
265
N
266
264
291
239
D
0.30296
0.0
0.48727
0.19835
0.0
0.0
0.01142
V
266
N
267
265
240
D
0.57499
0.00162
1e-05
0.01896
0.0
0.13024
0.27418
V
267
N
266
293
241
D
0.22186
0.29871
0.0
0.0
0.0
0.33162
0.14781
V
288
N
289
D
0.55882
0.32472
0.0
0.0
0.0
0.09883
0.01763
V
289
N
290
288
263
D
0.32488
0.0
0.0
0.0
0.05631
0.19705
0.42176
V
290
N
291
289
316
264
D
0.54257
0.0
0.0
0.0
0.0
0.0
0.45743
V
291
N
290
317
265
D
0.34989
0.40129
0.0
0.0
0.0
0.24882
V
293
N
319
267
D
0.09934
0.44536
0.0
0.05385
0.0
0.35167
0.04978
V
295
N
296
D
0.02233
0.69939
0.19151
0.08522
0.0
0.0
0.00155
V
296
N
297
295
322
D
0.73543
0.0
0.14446
0.0
0.0
0.12011
V
297
N
298
296
323
D
0.587
0.07371
0.18692
0.15237
V
298
N
299
297
324
D
0.32729
0.01888
0.17775
0.47608
V
299
N
300
298
325
D
0.30761
0.47032
0.0
0.18324
0.0
0.03883
V
300
N
299
326
D
0.08411
0.0152
0.0
0.00624
0.00846
0.88599
V
303
N
304
329
D
0.10603
0.00924
0.04194
0.01354
0.35906
0.0
0.47019
V
304
N
305
303
330
D
0.09454
0.0
0.00824
0.0
0.00089
0.0
0.89633
V
305
N
306
304
331
D
0.32587
0.0
0.0
0.03919
0.0
0.02689
0.60805
V
306
N
305
332
D
0.16525
0.0
0.0
0.0
0.07831
0.0
0.75644
V
308
N
309
D
0.47503
0.0
0.01522
0.0
0.50679
0.0
0.00296
V
309
N
310
308
335
D
0.4773
0.16648
0.01593
0.0
0.0
0.08694
0.25335
V
310
N
309
336
D
0.28199
0.21997
0.00157
0.31434
0.0
0.0
0.18213
V
316
N
317
342
290
D
0.39888
0.04761
0.30827
0.17523
0.0
0.07001
V
317
N
316
343
291
D
0.00112
0.0
0.0
0.00338
0.98122
1e-05
0.01427
V
319
N
320
345
293
D
0.12622
0.0
0.0
0.6505
0.0
0.0
0.22328
V
320
N
319
346
D
0.49036
0.0
0.0
0.0
0.50964
V
322
N
323
348
296
D
0.45712
0.05019
0.0
0.33231
0.1089
0.0
0.05148
V
323
N
324
322
349
297
D
0.50997
0.0
0.0
0.0
0.0
0.0
0.49003
V
324
N
325
323
350
298
D
0.29969
0.0
0.0
0.0
0.0
0.70031
V
325
N
326
324
351
299
D
0.21548
0.47072
0.0
0.1641
0.0
0.0
0.1497
V
326
N
327
325
352
300
D
0.4663
0.05096
0.0
0.25307
0.0
0.0
0.22967
V
327
N
328
326
353
D
0.10154
0.01187
0.8344
0.04592
0.00192
0.0
0.00435
V
328
N
329
327
354
D
0.17821
0.45469
0.08533
0.0
0.0
0.0
0.28177
V
329
N
330
328
355
303
D
0.01722
0.00014
0.6568
0.00054
0.32135
0.0
0.00395
V
330
N
331
329
356
304
D
0.08528
0.0
0.0
0.41101
0.0
0.0
0.50371
V
331
N
332
330
357
305
D
0.96667
0.02507
0.00748
0.0
0.00051
0.00027
V
332
N
333
331
358
306
D
0.1783
0.08105
0.04122
0.0
0.0
0.08584
0.61359
V
333
N
332
359
D
0.08221
0.0
0.70126
0.21653
V
335
N
336
361
309
D
0.10935
0.0
0.14167
0.69837
0.0
0.0
0.05061
V
336
N
337
335
362
310
D
0.00045
0.0121
0.8141
0.16422
0.00449
0.00464
V
337
N
336
363
D
0.1147
0.0009
0.00029
0.0
0.03124
0.06123
0.79164
V
342
N
343
368
316
D
0.0915
0.12802
0.0
0.0
0.0
0.0
0.78048
V
343
N
344
342
369
317
D
0.22186
0.26002
0.0
0.0
0.04554
0.0
0.47258
V
344
N
345
343
370
D
0.01283
0.08194
0.6537
0.04081
0.0
0.21072
V
345
N
346
344
371
319
D
0.12775
0.0
0.0
0.28804
0.0
0.26157
0.32264
V
346
N
347
345
372
320
D
0.00355
0.0
0.01656
0.95912
0.0
0.02001
0.00076
V
347
N
348
346
373
D
0.76884
0.0
0.0
0.0
0.04213
0.18903
V
348
N
349
347
374
322
D
0.01714
0.0
0.45887
0.0
0.42369
0.1003
V
349
N
350
348
375
323
D
0.84982
0.0
0.0
0.0
0.0
0.15018
V
350
N
351
349
376
324
D
0.05067
0.0
0.00469
0.83339
0.07154
0.00253
0.03718
V
351
N
352
350
377
325
D
0.15187
0.66959
0.0
0.10324
0.04168
0.03362
V
352
N
353
351
378
326
D
0.76486
0.0
0.0
0.0
0.0
0.23514
V
353
N
354
352
379
327
D
0.18946
0.01108
0.17822
0.08211
0.53913
V
354
N
355
353
380
328
D
0.0071
0.49564
0.06006
0.0
0.43706
0.00014
V
355
N
356
354
381
329
D
0.29751
0.0
0.0
0.04776
0.03671
0.01973
0.59829
V
356
N
357
355
382
330
D
0.10369
0.0
0.23111
0.0
0.00669
0.0
0.65851
V
357
N
358
356
383
331
D
0.48753
0.08164
0.0
0.43083
V
358
N
359
357
384
332
D
0.00261
0.0
0.0
0.99739
V
359
N
360
358
385
333
D
0.09713
0.0
0.47735
0.0
0.15748
0.16865
0.09939
V
360
N
361
359
386
D
0.16448
0.0
0.0
0.0065
0.0
0.0
0.82902
V
361
N
362
360
387
335
D
0.16503
0.0
0.48868
0.0
0.0
0.0
0.34629
V
362
N
363
361
388
336
D
0.41338
0.0
0.0
0.0
0.0
0.58317
0.00345
V
363
N
364
362
389
337
D
0.01178
0.00813
0.06661
0.0
0.91348
V
364
N
363
390
D
0.14804
0.03123
0.0
0.0
0.0
0.39149
0.42924
V
368
N
369
394
342
D
0.00562
0.88753
0.10685
V
369
N
370
368
395
343
D
0.28409
0.03523
0.19066
0.14366
0.03069
0.31567
V
370
N
371
369
396
344
D
0.0134
0.1555
0.08572
0.09939
0.0
0.0
0.64599
V
371
N
372
370
397
345
D
1e-05
1e-05
0.00057
2e-05
0.05243
0.94696
V
372
N
373
371
398
346
D
0.02894
0.10074
0.0
0.10109
0.0
0.05767
0.71156
V
373
N
374
372
399
347
D
0.25872
0.0
0.0
0.44305
0.22915
0.0
0.06908
V
374
N
375
373
400
348
D
0.05133
0.20687
0.0
0.17673
0.2567
0.30837
V
375
N
376
374
401
349
D
0.00306
0.0
0.00424
0.02066
0.01884
0.0
0.9532
V
376
N
377
375
402
350
D
0.34525
0.0
0.0
0.0
0.17893
0.0
0.47582
V
377
N
378
376
403
351
D
0.64614
0.00059
0.0
0.00331
0.0
0.34996
V
378
N
379
377
404
352
D
0.00043
0.0
0.01163
0.01819
0.0
0.96975
V
379
N
380
378
405
353
D
0.00238
0.01292
0.54341
0.00156
0.0
0.4382
0.00153
V
380
N
381
379
406
354
D
0.1937
0.0
0.36934
0.43696
V
381
N
382
380
407
355
D
0.62197
0.0
0.0
0.0
0.0
0.37803
V
382
N
383
381
356
D
0.03242
0.0
0.19917
0.06461
0.0
0.7038
V
383
N
384
382
409
357
D
0.02025
0.0
0.97975
V
384
N
385
383
410
358
D
0.04423
0.0
0.023
0.61787
0.00746
0.25375
0.05369
V
385
N
386
384
411
359
D
0.57804
0.0
0.16722
0.25474
V
386
N
387
385
412
360
D
0.86041
0.0
0.0
0.0
0.13959
V
387
N
388
386
413
361
D
0.19997
0.0
0.0
0.80003
V
388
N
389
387
414
362
D
0.32153
0.0
0.0
0.0
0.67847
V
389
N
390
388
415
363
D
0.32724
0.0
0.0
0.67276
V
390
N
389
416
364
D
0.04713
0.15111
0.0
0.02451
0.64642
0.13083
V
392
N
418
D
0.07627
0.01234
0.0896
0.76437
0.05437
0.0
0.00305
V
394
N
395
420
368
D
0.86143
0.09066
0.0
0.0
0.03828
0.0
0.00963
V
395
N
396
394
421
369
D
0.01519
0.96256
0.0
0.01669
0.0
0.00202
0.00354
V
396
N
397
395
370
D
0.16245
0.0
0.65125
0.0
0.14821
0.0
0.03809
V
397
N
398
396
423
371
D
0.83658
0.07624
0.02439
0.03633
0.02646
V
398
N
399
397
424
372
D
0.28184
0.0
0.0
0.10349
0.32196
0.22774
0.06497
V
399
N
400
398
373
D
0.25581
0.0
0.0
0.0
0.63486
0.09221
0.01712
V
400
N
401
399
426
374
D
0.50428
0.0
0.0
0.0
0.16364
0.0
0.33208
V
401
N
402
400
427
375
D
0.00499
0.0
0.01123
0.0
0.17942
0.48452
0.31984
V
402
N
403
401
428
376
D
0.33536
0.0
0.0
0.0
0.4666
0.19804
V
403
N
404
402
429
377
D
0.45863
0.0
0.05953
0.31581
0.06946
0.09657
V
404
N
405
403
430
378
D
0.31706
0.68294
V
405
N
406
404
431
379
D
0.04622
0.0
0.95378
V
406
N
407
405
380
D
0.0412
0.48342
0.00215
0.0
0.44301
0.03022
V
407
N
406
433
381
D
0.70078
0.29922
V
409
N
410
435
383
D
0.18212
0.11888
0.0
0.30663
0.08439
0.25456
0.05342
V
410
N
411
409
436
384
D
0.01285
0.00252
0.0
0.0
0.0
0.0
0.98463
V
411
N
412
410
437
385
D
0.29679
0.0
0.50326
0.02597
0.0
0.17398
V
412
N
413
411
438
386
D
0.48467
0.0
0.37251
0.0
0.0601
0.00953
0.07319
V
413
N
414
412
439
387
D
0.27527
0.50551
0.00169
0.11045
0.0
0.10708
V
414
N
415
413
440
388
D
0.62033
0.11064
0.0
0.26903
V
415
N
416
414
441
389
D
0.10515
0.0
0.00099
0.86095
0.0
0.02447
0.00844
V
416
N
415
390
D
0.05136
0.04105
0.0
0.0
0.0
0.0659
0.84169
V
418
N
444
392
D
0.62238
0.0
0.0
0.0
0.0
0.37762
V
420
N
421
446
394
D
0.87265
0.0
0.01259
0.11476
V
421
N
420
447
395
D
0.56666
0.26182
0.0
0.0
0.0
0.0
0.17152
V
423
N
424
449
397
D
0.13744
0.0
0.10257
0.57403
0.0
0.01231
0.17365
V
424
N
423
398
D
0.2173
0.0
0.7827
V
426
N
427
452
400
D
0.30009
0.34079
0.07515
0.07577
0.2082
V
427
N
428
426
453
401
D
0.02263
0.60797
0.09615
0.0
0.0
0.1769
0.09635
V
428
N
429
427
454
402
D
0.05063
0.0
0.0
0.0
0.94937
V
429
N
430
428
455
403
D
0.0202
0.85974
0.1073
0.00477
0.0
0.00754
0.00045
V
430
N
431
429
456
404
D
0.15337
0.0
0.0
0.0
0.26848
0.57815
V
431
N
430
457
405
D
0.34423
0.0
0.05372
0.07504
0.06581
0.4612
V
433
N
434
459
407
D
0.14632
0.0
0.0
0.71873
0.13495
V
434
N
435
433
460
D
0.2319
0.0
0.0
0.0
0.7681
V
435
N
436
434
461
409
D
0.4995
0.0
0.5005
V
436
N
437
435
462
410
D
0.04827
0.06014
0.62385
0.00209
0.0
0.0
0.26565
V
437
N
438
436
463
411
D
0.92851
0.0
0.00023
0.07126
V
438
N
439
437
464
412
D
0.86272
0.04263
0.0
0.0
0.00184
0.0
0.09281
V
439
N
440
438
413
D
0.07294
0.1128
0.0
0.81426
V
440
N
441
439
414
D
0.02568
0.01886
0.14458
0.0
0.65609
0.15479
V
441
N
440
415
D
0.51776
0.0
0.07878
0.06521
0.21753
0.0
0.12072
V
444
N
445
418
D
0.55727
0.0
0.0
0.0
0.44273
V
445
N
446
444
471
D
0.0874
0.12316
0.59882
0.00082
0.0
0.1898
V
446
N
447
445
472
420
D
0.2139
0.0
0.3943
0.0
0.0
0.3918
V
447
N
448
446
473
421
D
0.03687
0.85214
0.0
0.0
0.0
0.0
0.11099
V
448
N
449
447
474
D
0.11539
0.08012
0.0
0.03641
0.0084
0.0
0.75968
V
449
N
448
475
423
D
0.05556
0.14291
0.05355
0.31087
0.43711
V
451
N
452
D
0.20716
0.0
0.00114
0.00416
0.16054
0.0
0.627
V
452
N
453
451
426
D
0.07224
0.0
0.0
0.0
0.0
0.0
0.92776
V
453
N
454
452
427
D
0.33165
0.0
0.04359
0.55198
0.03704
0.03574
V
454
N
455
453
428
D
0.33415
0.0
0.0
0.07456
0.58001
0.01128
V
455
N
456
454
429
D
0.05405
0.54084
0.0
0.03362
0.37149
V
456
N
457
455
430
D
0.87548
0.0
0.0
0.12452
V
457
N
458
456
431
D
0.15623
0.01224
0.0
0.25998
0.0
0.57155
V
458
N
459
457
D
0.09367
0.04111
0.0
0.14069
0.01973
0.6939
0.0109
V
459
N
460
458
433
D
0.00788
0.0
0.49182
0.0
0.04152
0.42854
0.03024
V
460
N
461
459
434
D
0.853
0.0
0.05048
0.0
0.0
0.09652
V
461
N
462
460
435
D
0.00142
0.16501
0.03777
0.73552
0.0
0.03456
0.02572
V
462
N
463
461
436
D
0.45178
0.0
0.0
0.0
0.0
0.54822
V
463
N
464
462
437
D
0.22627
0.07472
0.60087
0.0
0.0
0.0
0.09814
V
464
N
463
438
D
0.01738
0.32287
0.36271
0.0
0.0
0.29704
V
471
N
472
445
D
0.13051
0.44526
0.0
0.0
0.0
0.0
0.42423
V
472
N
473
471
498
446
D
0.18403
0.24603
0.0
0.04283
0.0
0.0
0.52711
V
473
N
474
472
499
447
D
0.00598
0.05006
0.07776
0.76901
0.08522
0.01197
V
474
N
475
473
448
D
0.05353
0.0
0.94647
V
475
N
474
501
449
D
0.92983
0.0
0.06765
0.0
0.0
0.0
0.00252
V
498
N
499
524
472
D
0.78695
0.0
0.10025
0.1128
V
499
N
498
525
473
D
0.31595
0.04325
0.0
0.59251
0.04829
V
501
N
502
475
D
0.009
0.0
0.00418
0.06934
0.0
0.00514
0.91234
V
502
N
501
D
0.62739
0.09734
0.0
0.04733
0.18009
0.04785
V
524
N
525
550
498
D
0.16931
0.0
0.0
0.0141
0.46297
0.1991
0.15452
V
525
N
524
551
499
D
0.19754
0.0
0.0
0.80246
V
549
N
550
575
D
0.71992
0.10169
0.0
0.0
0.17839
V
550
N
551
549
576
524
D
0.8097
0.0
0.00642
0.07384
0.10081
0.0
0.00923
V
551
N
552
550
577
525
D
0.03097
0.0
0.02493
0.01096
0.0913
0.0
0.84184
V
552
N
553
551
578
D
0.00922
0.56627
0.01025
0.25505
0.15921
V
553
N
554
552
579
D
0.1194
0.22575
0.37906
0.27579
V
554
N
553
580
D
0.18187
0.40838
0.0
0.0
0.0
0.0
0.40975
V
574
N
575
D
0.10868
0.02094
0.23617
0.0
0.2628
0.37141
V
575
N
576
574
549
D
0.49496
0.02434
0.03985
0.17023
0.00034
0.27028
V
576
N
577
575
602
550
D
0.18298
0.16432
0.1921
0.30562
0.0
0.15498
V
577
N
578
576
603
551
D
0.08959
0.0
0.1166
0.00214
0.72677
0.00125
0.06365
V
578
N
579
577
604
552
D
0.04898
0.84794
0.0
0.0
0.08379
0.01929
V
579
N
580
578
553
D
0.16122
0.03223
0.80655
V
580
N
579
606
554
D
0.24392
0.0282
0.0667
0.59931
0.0
0.06187
V
602
N
603
628
576
D
0.51934
0.22392
0.03869
0.0
0.21805
V
603
N
604
602
629
577
D
0.20895
0.0
0.0
0.79105
V
604
N
603
630
578
D
0.73052
0.03862
0.0
0.0
0.0
0.01287
0.21799
V
606
N
632
580
D
0.74949
0.25051
V
626
N
627
D
0.16143
0.0
0.16386
0.04107
0.50072
0.0
0.13292
V
627
N
628
626
653
D
0.08816
0.0
0.11825
0.0
0.79359
V
628
N
629
627
654
602
D
0.33344
0.34218
0.07606
0.07906
0.0
0.0
0.16926
V
629
N
630
628
655
603
D
0.14733
0.13668
0.69621
0.0
0.00041
2e-05
0.01935
V
630
N
629
656
604
D
0.0341
0.0
0.03394
0.78867
0.13741
0.0
0.00588
V
632
N
606
D
0.03596
0.0
0.6742
0.0
0.0
0.15612
0.13372
V
653
N
654
679
627
D
0.81334
0.0
0.08719
0.0
0.0
0.09947
V
654
N
655
653
680
628
D
0.03108
0.18542
0.19109
0.05048
0.0
0.28743
0.2545
V
655
N
656
654
681
629
D
0.00805
0.0
0.01347
0.0
0.00135
0.97713
V
656
N
657
655
682
630
D
0.02189
0.09016
0.0
0.07201
0.80649
0.00945
V
657
N
656
D
0.81074
0.0
0.0
0.0
0.18926
V
679
N
680
653
D
0.19205
0.27929
0.0
0.03095
0.07481
0.29124
0.13166
V
680
N
681
679
654
D
0.10811
0.7982
0.09369
V
681
N
682
680
655
D
0.00461
0.50584
0.11886
0.0
0.06846
0.29057
0.01166
V
682
N
681
656
D
0.36492
0.39566
0.0
0.0
0.0
0.0
0.23942
