i_268_9_75_FR_orz301d
75
orz301d
A
0
16
40
70
A
1
16
56
52
A
2
16
68
12
A
3
16
63
74
A
4
16
45
70
A
5
16
75
47
A
6
16
53
38
A
7
16
58
27
A
8
16
71
72
V
16
N
46
D
0.10773
0.00444
0.0
0.0837
0.80413
V
45
N
46
75
D
0.05836
0.0
0.88813
0.0
0.0
0.0
0.05351
V
46
N
47
45
76
16
D
0.06947
0.0
0.32331
0.0
0.562
0.04522
V
47
N
46
77
D
0.48441
0.09994
0.0
0.41565
V
75
N
76
105
45
D
0.48902
0.0
0.0
0.0
0.05097
0.0
0.46001
V
76
N
77
75
106
46
D
0.20779
0.78737
0.0
0.0
0.0
0.0
0.00484
V
77
N
76
107
47
D
0.45128
0.0
0.47135
0.07737
V
105
N
106
135
75
D
0.97488
0.0
0.02512
V
106
N
107
105
136
76
D
0.14599
0.03787
0.0
0.0
0.6624
0.01442
0.13932
V
107
N
106
137
77
D
0.29334
0.15024
0.0
0.51708
0.03934
V
135
N
136
165
105
D
0.08283
0.0
0.0
0.3745
0.0
0.21751
0.32516
V
136
N
137
135
166
106
D
0.11565
0.0
0.0
0.88435
V
137
N
136
167
107
D
0.85862
0.0
0.0
0.0
0.14138
V
162
N
163
192
D
0.20018
0.0
0.0
0.18482
0.0
0.615
V
163
N
164
162
193
D
0.44358
0.01898
0.0
0.00103
0.5205
0.0
0.01591
V
164
N
165
163
194
D
0.46267
0.40904
0.0
0.0
0.07158
0.05671
V
165
N
166
164
195
135
D
0.61892
0.0
0.0
0.38108
V
166
N
167
165
196
136
D
0.88431
0.0
0.0
0.11569
V
167
N
168
166
197
137
D
0.2523
0.0
0.0
0.0
0.60837
0.0
0.13933
V
168
N
169
167
198
D
0.29851
0.0
0.11863
0.58286
V
169
N
170
168
199
D
0.00042
0.01056
0.0008
0.96336
0.00308
0.0126
0.00918
V
170
N
169
200
D
0.02883
0.38474
0.0
0.13192
0.0
0.45451
V
192
N
193
222
162
D
0.13153
0.52012
0.0
0.0
0.07541
0.16003
0.11291
V
193
N
194
192
223
163
D
0.00831
0.0
0.0
0.06813
0.0
0.0
0.92356
V
194
N
195
193
224
164
D
0.59363
0.0
0.05183
0.00175
0.00084
0.35195
V
195
N
196
194
225
165
D
0.89457
0.0
0.0
0.0
0.0
0.0
0.10543
V
196
N
197
195
226
166
D
0.13928
0.0
0.0
0.04787
0.78882
0.0
0.02403
V
197
N
198
196
227
167
D
0.04153
0.0
7e-05
0.00084
0.81527
0.05964
0.08265
V
198
N
199
197
228
168
D
0.11202
0.0
0.08781
0.0
0.447
0.35317
V
199
N
200
198
229
169
D
0.37036
0.0
0.56674
0.0629
V
200
N
199
230
170
D
0.22223
0.13863
0.0
0.0
0.63914
V
222
N
223
192
D
0.08811
0.21262
0.00676
0.0
0.0
0.69251
V
223
N
224
222
193
D
0.08706
0.0
0.87681
0.02774
0.00839
V
224
N
225
223
194
D
0.04058
0.88094
0.06011
0.00042
0.0
0.01795
V
225
N
226
224
255
195
D
0.02201
0.19869
0.0
0.0
0.00709
0.77221
V
226
N
227
225
256
196
D
0.81952
0.0
0.0
0.0
0.18048
V
227
N
228
226
257
197
D
0.01839
0.0
0.0121
0.00629
0.83159
0.11948
0.01215
V
228
N
229
227
198
D
0.11923
0.0
0.0
0.0
0.01379
0.52431
0.34267
V
229
N
230
228
199
D
0.26292
0.286
0.29268
0.03016
0.0
0.0
0.12824
V
230
N
229
200
D
0.69027
0.01097
0.28563
0.0
0.01313
V
255
N
256
285
225
D
0.2579
0.0
0.0
0.34727
0.04475
0.29725
0.05283
V
256
N
257
255
286
226
D
0.2687
0.0
0.0
0.06715
0.06739
0.1237
0.47306
V
257
N
256
287
227
D
0.00321
0.0142
0.10272
0.00646
0.0
0.0
0.87341
V
285
N
286
315
255
D
0.02879
0.0
0.24747
0.50566
0.0
0.21808
V
286
N
287
285
316
256
D
0.5459
0.19857
0.0
0.25553
V
287
N
286
317
257
D
0.00903
0.0441
0.13018
0.81669
V
315
N
316
345
285
D
0.16293
0.0
0.0
0.02468
0.14068
0.03358
0.63813
V
316
N
317
315
346
286
D
0.00182
0.00053
0.0
0.00106
0.99644
0.0
0.00015
V
317
N
316
347
287
D
0.44183
0.3664
0.0
0.0
0.0
0.12349
0.06828
V
345
N
346
375
315
D
0.2808
0.08148
0.0
0.0
0.56324
0.07448
V
346
N
347
345
376
316
D
0.10771
0.01357
0.19683
0.00682
0.20184
0.47323
V
347
N
346
377
317
D
0.00561
0.0
0.05525
0.01687
0.90473
0.0073
0.01024
V
375
N
376
405
345
D
0.59405
0.0
0.0
0.03676
0.32578
0.0
0.04341
V
376
N
377
375
406
346
D
0.00859
0.0156
0.48113
0.09724
0.0
0.39744
V
377
N
376
407
347
D
0.55512
0.0
0.08181
0.00089
0.02286
0.0
0.33932
V
405
N
406
375
D
0.09921
0.78669
0.0
0.0
0.06465
0.04945
V
406
N
407
405
436
376
D
0.21685
0.15162
0.0
0.0
0.63153
V
407
N
406
377
D
0.00509
0.95037
0.0
0.04454
V
436
N
466
406
D
0.3672
0.0
0.04344
0.0
0.0
0.0
0.58936
V
465
N
466
495
D
0.35102
0.0
0.0
0.0
0.0
0.64898
V
466
N
467
465
496
436
D
0.68879
0.00766
0.04428
0.07479
0.0001
0.18438
V
467
N
466
497
D
0.65531
0.07499
0.04412
0.0
0.0
0.22558
V
495
N
496
525
465
D
0.03063
0.0
0.72718
0.24219
V
496
N
497
495
526
466
D
0.08604
0.88208
0.0
0.00662
0.0
0.02338
0.00188
V
497
N
496
527
467
D
0.63842
0.36158
V
525
N
526
495
D
0.04426
0.0
0.40382
0.28026
0.27166
V
526
N
527
525
556
496
D
0.6736
0.00747
0.28346
0.00815
0.00514
0.02218
V
527
N
526
497
D
0.01243
0.0
0.98757
V
556
N
586
526
D
0.18496
0.01533
0.76762
0.0
0.0
0.0
0.03209
V
585
N
586
615
D
0.52205
0.0
0.0
0.11143
0.1091
0.0
0.25742
V
586
N
587
585
616
556
D
0.49089
0.0
0.07305
0.0
0.37699
0.01829
0.04078
V
587
N
586
617
D
0.02713
0.88048
0.05151
0.0198
0.02108
V
615
N
616
645
585
D
0.01315
0.28111
0.0
0.0
0.0
0.0
0.70574
V
616
N
617
615
646
586
D
0.3057
0.0
0.00178
0.0
0.06104
0.0007
0.63078
V
617
N
616
647
587
D
0.46941
0.51469
0.0
0.0
0.0
0.0
0.0159
V
645
N
646
615
D
0.12548
0.0
0.48981
0.09435
0.0
0.29036
V
646
N
647
645
676
616
D
0.10282
0.0
0.65545
0.0
0.24173
V
647
N
646
617
D
0.24814
0.0072
0.28401
0.01064
0.02033
0.42968
V
676
N
706
646
D
0.40927
0.0
0.0
0.02752
0.04601
0.0
0.5172
V
703
N
704
733
D
0.63503
0.32208
0.0
0.0315
0.0
0.0
0.01139
V
704
N
705
703
734
D
0.45704
0.40958
0.0
0.00815
0.0
0.12523
V
705
N
706
704
735
D
0.00538
0.23356
0.0
0.17979
0.03298
0.09907
0.44922
V
706
N
707
705
736
676
D
0.04441
0.01193
0.01806
0.13761
0.0
0.02643
0.76156
V
707
N
706
737
D
0.28265
0.0
0.35158
0.0
0.0
0.17813
0.18764
V
733
N
734
703
D
0.87333
0.0
0.0
0.02975
0.0
0.00283
0.09409
V
734
N
735
733
704
D
0.00481
0.00118
0.0
0.00556
0.0
0.98845
V
735
N
736
734
765
705
D
0.19675
0.0
0.05097
0.0
0.18297
0.41301
0.1563
V
736
N
737
735
766
706
D
0.26688
0.0135
0.0
0.3046
0.0
0.0
0.41502
V
737
N
736
767
707
D
0.10775
0.0
0.0
0.0
0.88733
0.00438
0.00054
V
765
N
766
735
D
0.30165
0.28775
0.00259
0.0
0.00231
0.4057
V
766
N
767
765
796
736
D
0.91723
0.00481
0.0
0.0
0.06448
0.00218
0.0113
V
767
N
766
797
737
D
0.46056
0.0
0.0
0.13145
0.0
0.0
0.40799
V
793
N
794
823
D
0.07022
0.02817
0.0503
0.0
0.0
0.81239
0.03892
V
794
N
793
824
D
0.04581
0.0
0.27151
0.0
0.3972
0.0
0.28548
V
796
N
797
826
766
D
0.04791
0.05988
0.0
0.0
0.83237
0.05984
V
797
N
798
796
827
767
D
0.38616
0.0
0.09586
0.51798
V
798
N
797
828
D
0.12993
0.68647
0.1836
V
819
N
820
849
D
0.0834
0.0
0.0
0.0
0.0
0.9166
V
820
N
819
850
D
0.23788
0.6561
0.0
0.05758
0.04502
0.00342
V
822
N
823
852
D
0.01705
0.33376
0.0
0.20746
0.38135
0.06038
V
823
N
824
822
853
793
D
0.07327
0.01404
0.00973
0.1215
0.0
0.345
0.43646
V
824
N
825
823
854
794
D
0.26234
0.0
0.111
0.0
0.0
0.0
0.62666
V
825
N
826
824
855
D
0.26001
0.09458
0.0
0.0
0.0
0.30519
0.34022
V
826
N
827
825
856
796
D
0.01976
0.00563
0.0512
0.02551
0.0
0.8979
V
827
N
828
826
857
797
D
0.08181
0.1917
0.0
0.28596
0.01225
0.16914
0.25914
V
828
N
829
827
858
798
D
0.32439
0.05068
0.06582
0.15403
0.00485
0.40023
V
829
N
830
828
859
D
0.07201
0.00772
0.59808
0.0
0.31336
0.0
0.00883
V
830
N
829
860
D
0.54264
0.0
0.0
0.0
0.0
0.36414
0.09322
V
849
N
850
879
819
D
0.23781
0.02306
0.00224
0.0
0.15769
0.5792
V
850
N
849
820
D
0.58087
0.09118
0.0
0.0
0.00661
0.16496
0.15638
V
852
N
853
882
822
D
0.62361
0.0
0.37338
0.0
0.0
0.00301
V
853
N
854
852
883
823
D
0.21983
0.3144
0.46577
V
854
N
855
853
884
824
D
0.97674
0.0
0.0
0.0
0.0
0.02326
V
855
N
856
854
885
825
D
0.11128
0.0
0.0
0.0
0.02726
0.06757
0.79389
V
856
N
857
855
886
826
D
0.13397
0.0
0.81901
0.0
0.0
0.04702
V
857
N
858
856
887
827
D
0.87041
0.00206
0.0
0.0
0.1275
0.0
3e-05
V
858
N
859
857
888
828
D
0.0114
0.31099
0.0
0.67761
V
859
N
860
858
889
829
D
0.41329
0.39733
0.0
0.18938
V
860
N
859
890
830
D
0.87295
0.12705
V
871
N
872
901
D
0.56121
0.00334
0.0
0.0
0.0545
0.0109
0.37005
V
872
N
873
871
902
D
0.07835
0.09582
0.52852
0.06889
0.0
0.22164
0.00678
V
873
N
872
903
D
0.03613
0.33415
0.0
0.31725
0.0
0.0
0.31247
V
875
N
876
905
D
0.87689
0.0
0.0
0.09039
0.0089
0.02382
V
876
N
877
875
906
D
0.11665
0.1633
0.71279
0.0
0.00726
V
877
N
876
907
D
0.09293
0.10261
0.75026
0.0
0.0
0.0542
V
879
N
909
849
D
0.82162
0.17838
V
881
N
882
911
D
0.54909
0.0
0.0
0.0
0.0
0.45091
V
882
N
883
881
912
852
D
0.49349
0.0
0.0
0.11959
0.0
0.29646
0.09046
V
883
N
884
882
913
853
D
0.18202
0.0
0.0
0.0
0.17878
0.02449
0.61471
V
884
N
885
883
914
854
D
0.46231
0.03391
8e-05
4e-05
0.50366
V
885
N
886
884
915
855
D
0.15868
0.09529
0.09487
0.57379
0.07737
V
886
N
887
885
916
856
D
0.02863
0.64156
0.01038
0.2379
0.0
0.08153
V
887
N
888
886
917
857
D
0.45173
0.24758
0.22338
0.0533
0.02401
V
888
N
889
887
918
858
D
0.17315
0.01673
0.40959
0.0
0.40053
V
889
N
890
888
919
859
D
0.23073
0.03651
0.0
0.0
0.0
0.31562
0.41714
V
890
N
891
889
920
860
D
0.22017
0.0
0.0
0.0
0.17724
0.0
0.60259
V
891
N
892
890
921
D
0.80617
0.0
0.0
0.01914
0.01488
0.15981
V
892
N
891
922
D
0.24704
0.0
0.38964
0.28536
0.0
0.01521
0.06275
V
894
N
895
924
D
0.2054
0.00248
0.00254
0.0
0.0
0.78958
V
895
N
896
894
925
D
0.0796
0.18508
0.0
0.0
0.0
0.73532
V
896
N
897
895
926
D
0.2006
0.0
0.0
0.0
0.0
0.0
0.7994
V
897
N
896
927
D
0.05935
0.0
0.0
0.8275
0.0
0.0
0.11315
V
899
N
900
929
D
0.85501
0.0
0.0
0.14499
V
900
N
899
930
D
0.20899
0.45829
0.0
0.06452
0.06203
0.0
0.20617
V
901
N
902
931
871
D
0.98287
0.00013
0.01262
0.00023
0.0
0.00406
9e-05
V
902
N
903
901
932
872
D
0.12006
0.48748
0.0
0.0
0.0
0.0
0.39246
V
903
N
904
902
933
873
D
0.16274
0.0
0.04514
0.21331
0.00362
0.06718
0.50801
V
904
N
905
903
D
0.65594
0.0
0.0
0.34406
V
905
N
906
904
935
875
D
0.1653
0.18119
0.0
0.04973
0.13766
0.0
0.46612
V
906
N
907
905
936
876
D
0.06491
0.54312
0.14161
0.0
0.24867
0.0
0.00169
V
907
N
908
906
937
877
D
0.92431
0.0
0.0
0.07569
V
908
N
909
907
D
0.63299
0.03519
0.0
0.0
0.33182
V
909
N
910
908
939
879
D
0.22222
0.36695
0.0
0.07048
0.0
0.32345
0.0169
V
910
N
911
909
D
0.61213
0.27432
0.0377
0.0
0.0
0.06893
0.00692
V
911
N
912
910
941
881
D
0.20526
0.0
0.00817
0.07647
0.6868
0.0233
V
912
N
913
911
942
882
D
0.0576
0.42358
0.17399
0.02482
0.06366
0.11282
0.14353
V
913
N
914
912
943
883
D
0.80655
0.0
0.0
0.0
0.19345
V
914
N
915
913
944
884
D
0.01537
0.20338
0.0
0.0
0.29101
0.00558
0.48466
V
915
N
916
914
945
885
D
0.10066
0.83243
0.0
0.00625
0.0
0.05286
0.0078
V
916
N
917
915
946
886
D
0.23568
0.15281
0.17027
0.11888
0.0
0.32236
V
917
N
918
916
947
887
D
0.01005
0.00217
0.08447
0.90331
V
918
N
919
917
948
888
D
0.46851
0.22609
0.0
0.04571
0.10505
0.15464
V
919
N
920
918
949
889
D
0.01635
0.97167
0.00112
0.0
0.0053
0.00527
0.00029
V
920
N
921
919
950
890
D
0.16472
0.0
0.62579
0.0
0.0
0.0
0.20949
V
921
N
922
920
951
891
D
0.57308
0.0
0.0
0.0
0.01542
0.0
0.4115
V
922
N
923
921
952
892
D
0.10127
0.77198
0.0
0.0
0.0
0.0002
0.12655
V
923
N
924
922
D
0.37981
0.0
0.17485
0.01643
0.42883
8e-05
V
924
N
925
923
954
894
D
0.53019
0.2876
0.03218
0.15003
V
925
N
926
924
955
895
D
0.73711
0.0
0.0
0.0
0.01044
0.21194
0.04051
V
926
N
927
925
956
896
D
0.80688
0.0
0.19312
V
927
N
928
926
957
897
D
0.09792
0.7359
0.15334
0.01284
V
928
N
929
927
D
0.02878
0.61373
0.0
0.0
0.09937
0.25812
V
929
N
930
928
959
899
D
0.03963
0.0
0.0
0.0
0.75748
0.0
0.20289
V
930
N
929
960
900
D
0.23513
0.44579
0.00625
0.0
0.01254
0.30029
V
931
N
932
901
D
0.4118
0.0
0.40712
0.0
0.0
0.11274
0.06834
V
932
N
933
931
902
D
0.41211
0.0
0.0
0.0
0.03135
0.32234
0.2342
V
933
N
932
903
D
0.82129
0.17871
V
935
N
936
905
D
0.0879
0.0
0.61355
0.22187
0.0
0.06477
0.01191
V
936
N
937
935
906
D
0.01787
0.13672
0.0
0.01587
0.60163
0.0026
0.22531
V
937
N
936
907
D
0.00827
0.02301
0.15088
0.11878
0.0
0.66555
0.03351
V
939
N
969
909
D
0.20633
0.0
0.0
0.0
0.0
0.60396
0.18971
V
941
N
942
911
D
0.16032
0.0
0.83968
V
942
N
943
941
972
912
D
0.19888
0.0
0.0
0.80112
V
943
N
944
942
973
913
D
0.41464
0.58536
V
944
N
945
943
974
914
D
0.18519
0.0
0.0
0.09412
0.0
0.68476
0.03593
V
945
N
946
944
975
915
D
0.11419
0.00095
0.0
0.09829
0.09469
0.00261
0.68927
V
946
N
947
945
976
916
D
0.41306
0.10555
0.13133
0.0
0.1363
0.21376
V
947
N
948
946
977
917
D
0.0684
0.0
0.0
0.33675
0.0
0.07062
0.52423
V
948
N
949
947
978
918
D
0.41277
0.0
0.0
0.27102
0.0
0.31621
V
949
N
950
948
979
919
D
0.4023
0.0
0.0
0.44227
0.04909
0.0
0.10634
V
950
N
951
949
980
920
D
0.01002
0.0
0.0
0.22162
0.0
0.0
0.76836
V
951
N
952
950
981
921
D
0.00163
0.00777
0.0
0.07544
0.26027
0.65422
0.00067
V
952
N
951
922
D
0.75773
0.0
0.00077
0.0
0.00352
0.23688
0.0011
V
954
N
955
924
D
0.10307
0.05247
0.0
0.09103
0.0
0.28455
0.46888
V
955
N
956
954
925
D
0.09261
0.0
0.13411
0.37634
0.37615
0.0
0.02079
V
956
N
957
955
926
D
0.48488
0.0
0.0
0.05734
0.0
0.45778
V
957
N
956
927
D
0.44626
0.0
0.0
0.0
0.0
0.55374
V
959
N
960
929
D
0.01941
0.0
0.26041
0.65415
0.06603
V
960
N
959
930
D
0.02481
0.0
0.89573
0.0
0.01881
0.0
0.06065
V
969
N
970
999
939
D
0.02665
0.4461
0.0
0.23748
0.03965
0.25012
V
970
N
969
1000
D
0.02042
0.61208
0.0
0.0436
0.18569
0.13821
V
972
N
973
1002
942
D
0.0116
0.183
0.08548
0.0
0.33767
0.38225
V
973
N
974
972
1003
943
D
0.08003
0.11579
0.79394
0.0
0.0
0.01024
V
974
N
975
973
1004
944
D
0.10116
0.0
0.05723
0.0
0.5672
0.21164
0.06277
V
975
N
976
974
1005
945
D
0.44964
0.0
0.14317
0.17087
0.15925
0.0
0.07707
V
976
N
977
975
1006
946
D
0.20195
0.0
0.21809
0.0
0.0
0.57996
V
977
N
978
976
1007
947
D
0.1423
0.0
0.0
0.23876
0.0
0.40998
0.20896
V
978
N
979
977
1008
948
D
0.58296
0.00535
0.0
0.41169
V
979
N
980
978
1009
949
D
0.4209
0.5791
V
980
N
981
979
950
D
0.85595
0.02969
0.01404
0.06111
0.03921
V
981
N
980
951
D
0.28687
0.19989
0.51324
V
999
N
1000
969
D
0.66362
0.0
0.0
0.33638
V
1000
N
999
1030
970
D
0.48493
0.0
0.0
0.02763
0.48744
V
1002
N
1003
972
D
0.72211
0.0
0.27789
V
1003
N
1004
1002
1033
973
D
0.35476
0.0
0.05416
0.0
0.0
0.59108
V
1004
N
1005
1003
1034
974
D
0.0644
0.10294
0.0
0.0
0.0
0.0
0.83266
V
1005
N
1006
1004
975
D
0.01291
0.43631
0.09379
0.22924
0.0
0.17423
0.05352
V
1006
N
1007
1005
1036
976
D
0.429
0.0
0.18541
0.0
0.24154
0.14405
V
1007
N
1008
1006
1037
977
D
0.97784
0.0
0.0
0.0
0.0
0.00983
0.01233
V
1008
N
1009
1007
1038
978
D
0.7114
0.0
0.0
0.2886
V
1009
N
1008
1039
979
D
0.13829
0.01824
0.83118
0.01229
V
1030
N
1031
1060
1000
D
0.33916
0.0
0.0
0.66084
V
1031
N
1030
1061
D
0.48666
0.04246
0.0
0.0
0.29985
0.17103
V
1033
N
1034
1003
D
0.24828
0.06796
0.68376
V
1034
N
1033
1004
D
0.46361
0.49833
0.01534
0.02168
0.00104
V
1036
N
1037
1066
1006
D
0.75141
0.10998
0.0
0.0
0.00894
0.0
0.12967
V
1037
N
1038
1036
1067
1007
D
0.45922
0.0
0.0
0.54078
V
1038
N
1039
1037
1068
1008
D
0.28162
0.0
0.0
0.0645
0.0
0.64849
0.00539
V
1039
N
1038
1009
D
0.82091
0.0
0.0
0.0
0.0
0.17909
V
1041
N
1071
D
0.67542
0.0
0.0
0.32458
V
1059
N
1060
1089
D
0.23526
0.0
0.1938
0.36717
0.20377
V
1060
N
1061
1059
1090
1030
D
0.18449
0.45057
0.10239
0.0
0.0
0.05553
0.20702
V
1061
N
1062
1060
1091
1031
D
0.28024
0.0
0.0
0.0
0.00137
0.0
0.71839
V
1062
N
1061
1092
D
0.06755
0.07918
0.0
0.0
0.85327
V
1065
N
1066
D
0.03904
0.74234
0.04433
0.0017
0.01063
0.0
0.16196
V
1066
N
1067
1065
1096
1036
D
0.25465
0.0
0.0
0.07566
0.0
0.66969
V
1067
N
1068
1066
1037
D
0.60598
0.03424
0.29052
0.0
0.06926
V
1068
N
1067
1098
1038
D
0.0044
0.0
0.0
0.0
0.0
0.0
0.9956
V
1070
N
1071
1100
D
0.23921
0.0
0.0
0.0
0.03307
0.34618
0.38154
V
1071
N
1072
1070
1101
1041
D
0.39286
0.30756
0.0
0.16269
0.01363
0.01993
0.10333
V
1072
N
1073
1071
D
0.96865
0.03135
V
1073
N
1072
1103
D
0.19992
0.3606
0.0
0.43948
V
1089
N
1090
1059
D
0.00017
0.67179
0.0
0.01644
0.12738
0.04889
0.13533
V
1090
N
1091
1089
1120
1060
D
0.00447
0.08888
0.00281
0.89988
0.0
0.00387
9e-05
V
1091
N
1092
1090
1121
1061
D
0.45478
0.0
0.0
0.0
0.0
0.0
0.54522
V
1092
N
1093
1091
1062
D
0.80701
0.19299
V
1093
N
1092
1123
D
0.09538
0.18697
0.07255
0.26115
0.01301
0.34845
0.02249
V
1096
N
1066
D
0.28333
0.0
0.0
0.35444
0.08418
0.27805
V
1098
N
1099
1128
1068
D
0.46976
0.0
0.0
0.53024
V
1099
N
1100
1098
D
0.3594
0.0
0.10272
0.0
0.00288
0.535
V
1100
N
1101
1099
1070
D
0.26049
0.06621
0.00186
0.0
0.0029
0.0
0.66854
V
1101
N
1100
1131
1071
D
0.19505
0.0
0.1573
0.0
0.0
0.64765
V
1103
N
1073
D
0.16293
0.08999
0.0
0.0
0.0
0.68506
0.06202
V
1120
N
1121
1090
D
0.00214
0.0
0.00815
0.0
0.9893
0.00041
V
1121
N
1120
1091
D
0.71942
0.18434
0.00023
0.0
0.07987
0.0
0.01614
V
1123
N
1124
1093
D
0.12257
0.0
0.0
0.0
0.87743
V
1124
N
1125
1123
D
0.00377
0.91227
0.00168
0.0
0.0
0.08228
V
1125
N
1124
D
0.89729
0.0
0.0
0.0
0.10271
V
1128
N
1098
D
0.25456
0.12815
0.06028
0.37307
0.18394
V
1131
N
1101
D
0.13832
0.0
0.68864
0.0
0.14382
0.02922
