i_265_6_54_FR_orz000d
54
orz000d
A
0
10
47
27
A
1
10
46
42
A
2
10
47
31
A
3
10
40
4
A
4
10
44
15
A
5
10
47
22
V
10
N
11
30
D
0.73995
0.00731
0.07127
0.01008
0.17139
V
11
N
12
10
31
D
0.04809
0.0
0.74818
0.0
0.03284
0.12593
0.04496
V
12
N
11
32
D
0.15233
0.0
0.00255
0.27039
0.42121
0.15036
0.00316
V
29
N
30
49
D
0.37614
0.44
0.12522
0.0
0.05864
V
30
N
31
29
50
10
D
0.00386
0.0
0.0384
0.0
0.92551
0.0
0.03223
V
31
N
32
30
51
11
D
0.2435
0.40077
0.35573
V
32
N
33
31
52
12
D
0.48169
0.02063
0.0
0.0
0.0
0.03754
0.46014
V
33
N
32
53
D
0.08682
0.0
0.0
0.8179
0.0
0.03051
0.06477
V
48
N
49
68
D
0.01682
0.00112
0.51868
0.0
0.30807
0.0
0.15531
V
49
N
50
48
69
29
D
0.82049
0.0
0.00516
0.00233
0.01496
0.01785
0.13921
V
50
N
51
49
70
30
D
0.77467
0.0
0.08376
0.0
0.0
0.0
0.14157
V
51
N
52
50
71
31
D
0.07415
0.0
0.0
0.92585
V
52
N
53
51
72
32
D
0.27464
0.02677
0.14534
0.21708
0.06355
0.27262
V
53
N
54
52
33
D
0.74948
0.0
0.09108
0.15944
V
54
N
53
74
D
0.00616
0.04554
0.01926
0.0
0.03222
0.0
0.89682
V
67
N
68
87
D
0.27048
0.01622
0.406
0.0
0.0
0.2585
0.0488
V
68
N
69
67
88
48
D
0.33482
0.19996
0.10003
0.0
0.14413
0.22106
V
69
N
70
68
89
49
D
0.08856
0.0
0.0
0.0
0.0
0.82502
0.08642
V
70
N
71
69
90
50
D
0.90684
0.0
0.0
0.06209
0.0
0.0
0.03107
V
71
N
72
70
91
51
D
0.04387
0.0
0.0
0.17666
0.0
0.77947
V
72
N
71
92
52
D
0.36313
0.0
0.0
0.63687
V
74
N
75
54
D
0.02775
0.01697
0.0
0.02185
0.09458
0.82076
0.01809
V
75
N
74
95
D
0.21063
0.64757
0.0
0.0
0.10648
0.03532
V
86
N
87
D
0.58856
0.0
0.26181
0.14963
V
87
N
88
86
107
67
D
0.00811
0.7649
0.0
0.01114
0.00094
0.00067
0.21424
V
88
N
89
87
108
68
D
0.50107
0.00053
0.47653
0.0
0.00826
0.01361
V
89
N
90
88
109
69
D
0.03237
0.6989
0.0
0.0
0.0
0.26873
V
90
N
91
89
110
70
D
0.43392
0.0
0.0
0.3362
0.0
0.0
0.22988
V
91
N
92
90
71
D
0.00073
0.00016
0.9839
0.00047
0.0
0.00954
0.0052
V
92
N
93
91
72
D
0.43276
0.01514
0.05749
0.0
0.46944
0.0
0.02517
V
93
N
92
113
D
0.38982
0.14873
0.20979
0.01262
0.11832
0.0
0.12072
V
95
N
75
D
0.00117
0.0
0.00083
0.0
0.80335
0.1438
0.05085
V
107
N
108
87
D
0.01945
0.86053
0.11406
0.00184
0.00126
0.0
0.00286
V
108
N
109
107
128
88
D
0.23777
0.0
0.0
0.0
0.0
0.76223
V
109
N
110
108
129
89
D
0.66972
0.04085
0.0
0.03624
0.0
0.25319
V
110
N
109
90
D
0.20742
0.0
0.0
0.0
0.00994
0.78264
V
113
N
133
93
D
0.05535
0.0
0.0
0.0
0.0
0.94465
V
128
N
129
148
108
D
0.24027
0.0
0.0
0.0
0.0
0.75973
V
129
N
128
149
109
D
0.61484
0.0
0.0
0.0
0.38516
V
133
N
153
113
D
0.00734
0.26444
0.0
0.1035
0.00521
0.0
0.61951
V
148
N
149
168
128
D
0.0223
0.9777
V
149
N
148
169
129
D
0.04559
0.10473
0.04405
0.0
0.78991
0.01572
V
153
N
173
133
D
0.01024
0.86041
0.08982
0.0
0.0
0.0
0.03953
V
167
N
168
187
D
0.225
0.0
0.6142
0.1608
V
168
N
169
167
188
148
D
0.03468
0.0
0.01365
0.08731
0.01805
0.79685
0.04946
V
169
N
170
168
189
149
D
4e-05
0.37764
0.16234
0.2437
0.00958
0.20251
0.00419
V
170
N
171
169
190
D
0.00396
0.00253
0.01711
0.9729
0.00042
0.00308
V
171
N
172
170
191
D
0.049
0.27957
0.07546
0.15031
0.4289
0.0
0.01676
V
172
N
173
171
192
D
0.17073
0.0
0.0
0.0
0.35682
0.38786
0.08459
V
173
N
174
172
193
153
D
0.01435
0.326
0.00085
0.48264
0.09362
0.08254
V
174
N
173
194
D
0.34091
0.11558
0.0
0.0
0.54351
V
186
N
187
206
D
0.86984
0.0
0.0
0.0
0.04378
0.0
0.08638
V
187
N
188
186
207
167
D
0.29149
0.0
0.13099
0.24923
0.0
0.32829
V
188
N
189
187
208
168
D
0.4811
0.0
0.0
0.03551
0.00169
0.03894
0.44276
V
189
N
190
188
209
169
D
0.10437
0.15563
0.04849
0.00662
0.0
0.13816
0.54673
V
190
N
191
189
210
170
D
0.01944
0.0093
0.0
0.00292
0.0
0.32018
0.64816
V
191
N
192
190
211
171
D
0.42347
0.51598
0.0
0.0
0.0
0.0
0.06055
V
192
N
193
191
212
172
D
0.18289
0.0
0.02537
0.0
0.02323
0.76851
V
193
N
194
192
213
173
D
0.64308
0.0
0.0
0.0
0.0
0.0
0.35692
V
194
N
195
193
214
174
D
0.27397
0.00527
0.0
0.08129
0.00436
0.0
0.63511
V
195
N
194
215
D
0.01036
0.0
0.7489
0.0
0.0
0.0
0.24074
V
206
N
207
226
186
D
0.28617
0.0
0.0
0.0
0.29383
0.20711
0.21289
V
207
N
208
206
227
187
D
0.29137
0.00506
0.60481
0.0
0.0
0.09876
V
208
N
209
207
228
188
D
0.25723
0.0
0.06207
0.11503
0.06111
0.00054
0.50402
V
209
N
210
208
229
189
D
0.25715
0.0
0.0
0.49831
0.15597
0.0
0.08857
V
210
N
211
209
230
190
D
0.91425
0.08575
V
211
N
212
210
191
D
0.09184
0.0
0.0
0.63235
0.0
0.0
0.27581
V
212
N
213
211
232
192
D
0.00691
0.3594
0.55777
0.0
0.02601
0.04784
0.00207
V
213
N
214
212
233
193
D
0.6216
0.0
0.16522
0.21318
V
214
N
215
213
234
194
D
0.2213
0.0
0.0
0.16919
0.0
0.57934
0.03017
V
215
N
214
235
195
D
0.10238
0.01181
0.0
0.0
0.00803
0.84945
0.02833
V
226
N
227
246
206
D
0.0643
0.40997
0.0
0.3958
0.12993
V
227
N
228
226
247
207
D
0.99711
0.0
0.0
0.0
3e-05
0.00012
0.00274
V
228
N
229
227
248
208
D
0.02228
0.0
0.0
0.18574
0.1936
0.48274
0.11564
V
229
N
230
228
249
209
D
0.14964
0.0
0.0
0.1604
0.0
0.46115
0.22881
V
230
N
229
250
210
D
0.02506
0.0
0.0
0.8668
0.0
0.10814
V
232
N
233
252
212
D
0.66504
0.0
0.0
0.0
0.00487
0.26893
0.06116
V
233
N
234
232
253
213
D
0.03652
0.0
0.0
0.15411
0.75703
0.05234
V
234
N
235
233
254
214
D
0.79499
0.0
0.11097
0.08011
0.00823
0.0057
V
235
N
234
255
215
D
0.07266
0.0
0.17156
0.0
0.10721
0.25854
0.39003
V
246
N
247
266
226
D
0.36298
0.01179
0.05376
0.0
0.57147
V
247
N
248
246
267
227
D
0.03161
0.63886
0.0957
0.20211
0.0
0.00405
0.02767
V
248
N
249
247
268
228
D
0.97101
0.02899
V
249
N
250
248
269
229
D
0.24527
0.04596
0.5238
0.0187
0.04127
0.11002
0.01498
V
250
N
251
249
270
230
D
0.31015
0.68985
V
251
N
252
250
271
D
0.24274
0.0
0.36742
0.0
0.01978
0.17568
0.19438
V
252
N
253
251
272
232
D
0.00174
0.0
0.00127
0.99364
0.00233
0.0
0.00102
V
253
N
254
252
273
233
D
0.7621
0.0
0.06468
0.0
0.0
0.0
0.17322
V
254
N
255
253
274
234
D
0.08121
0.0926
0.0
0.0
0.0
0.15154
0.67465
V
255
N
254
275
235
D
0.18057
0.53143
0.0
0.0
0.12499
0.0
0.16301
V
266
N
267
286
246
D
0.29677
0.0
0.0
0.0
0.28139
0.09438
0.32746
V
267
N
268
266
287
247
D
0.07047
0.0
0.0
0.88308
0.0
0.0
0.04645
V
268
N
269
267
288
248
D
0.21356
0.41658
0.19407
0.0
0.05559
0.1202
V
269
N
270
268
289
249
D
0.0538
0.0
0.0
0.0
0.9462
V
270
N
271
269
290
250
D
0.32804
0.0
0.0
0.0
0.0
0.67196
V
271
N
272
270
291
251
D
0.20157
0.0
0.0
0.40722
0.0
0.27218
0.11903
V
272
N
273
271
292
252
D
0.00934
0.01125
0.0
0.0
0.0
0.57379
0.40562
V
273
N
274
272
293
253
D
0.00483
0.0
0.0
0.09979
0.11039
0.0
0.78499
V
274
N
275
273
294
254
D
0.00087
0.16663
0.0
0.0
0.00839
0.0
0.82411
V
275
N
274
295
255
D
0.08741
0.64766
0.13087
0.0
0.12415
0.00991
V
286
N
287
306
266
D
0.08454
0.7974
0.0
0.0
0.10313
0.01493
V
287
N
288
286
307
267
D
0.75258
0.0
0.04349
0.15621
0.01911
0.0
0.02861
V
288
N
289
287
308
268
D
0.34498
0.1741
0.01922
0.05556
0.40614
V
289
N
290
288
309
269
D
0.31367
0.0
0.61757
0.0
0.0
0.06876
V
290
N
291
289
310
270
D
0.26743
0.0
0.02274
0.07196
0.0
0.59049
0.04738
V
291
N
292
290
311
271
D
0.0125
0.12158
0.00183
0.19494
0.0
0.00103
0.66812
V
292
N
293
291
312
272
D
0.34314
0.0
0.0
0.07647
0.0
0.56617
0.01422
V
293
N
294
292
313
273
D
0.84632
0.00403
0.14889
0.0
0.0
0.0
0.00076
V
294
N
295
293
314
274
D
0.29312
0.0
0.0
0.0
0.0
0.70688
V
295
N
294
315
275
D
0.97485
0.0
0.01943
0.0
0.0
0.00166
0.00406
V
306
N
307
326
286
D
0.00226
0.00034
0.0
0.00538
0.04412
0.79008
0.15782
V
307
N
308
306
327
287
D
0.1479
0.0
0.0
0.26721
0.0
0.0
0.58489
V
308
N
309
307
328
288
D
0.09526
0.027
0.12248
0.01547
0.25892
0.48087
V
309
N
310
308
329
289
D
0.3276
0.07067
0.0
0.0
0.08243
0.5193
V
310
N
311
309
330
290
D
0.16864
0.01998
0.02734
0.78404
V
311
N
312
310
331
291
D
0.24388
0.0
0.73553
0.02059
V
312
N
313
311
332
292
D
0.90187
0.0221
0.0
0.0
0.01468
0.0
0.06135
V
313
N
314
312
333
293
D
0.15169
0.0
0.0
0.79044
0.00762
0.05025
V
314
N
315
313
334
294
D
0.48789
0.51211
V
315
N
314
335
295
D
0.15134
0.0647
0.0
0.30422
0.47974
V
326
N
327
346
306
D
0.99623
0.0
0.0
0.00375
0.0
0.0
2e-05
V
327
N
328
326
347
307
D
0.71176
0.1238
0.11788
0.02313
0.02343
V
328
N
329
327
348
308
D
0.08238
0.0
0.0
0.0
0.91762
V
329
N
330
328
349
309
D
0.32643
0.0
0.0
0.37968
0.0265
0.25676
0.01063
V
330
N
331
329
350
310
D
0.0499
0.0
0.34316
0.0
0.15807
0.44887
V
331
N
332
330
311
D
0.18585
0.58973
0.0
0.14705
0.0
0.0
0.07737
V
332
N
333
331
352
312
D
0.32705
0.01079
0.006
0.0
0.65616
V
333
N
334
332
353
313
D
0.32397
0.00141
0.01299
0.41098
0.01068
0.23997
V
334
N
335
333
354
314
D
0.00655
0.0
0.78786
0.0
0.19131
0.0
0.01428
V
335
N
334
355
315
D
0.02844
0.00582
0.60476
0.0
0.0
0.13
0.23098
V
346
N
347
366
326
D
0.15925
0.66969
0.02586
0.0
0.0
0.0
0.1452
V
347
N
348
346
367
327
D
0.64605
0.26997
0.0
0.0
0.05765
0.02633
V
348
N
349
347
368
328
D
0.16071
0.67531
0.16398
V
349
N
350
348
369
329
D
0.31075
0.68865
0.0
0.0
0.0
0.0006
V
350
N
349
370
330
D
0.27613
0.64013
0.0
0.0
0.08374
V
352
N
353
372
332
D
0.14907
0.0
0.0
0.1646
0.51409
0.05687
0.11537
V
353
N
354
352
373
333
D
0.11769
0.0
0.0
0.23099
0.08988
0.56144
V
354
N
355
353
374
334
D
0.02647
0.0
0.86529
0.0
0.0
0.10824
V
355
N
354
375
335
D
0.08698
0.0
0.83185
0.0
0.0
0.08117
V
366
N
367
386
346
D
0.69103
0.0
0.04074
0.02307
0.22654
0.00095
0.01767
V
367
N
368
366
387
347
D
0.36283
0.19068
0.0
0.32464
0.12185
V
368
N
369
367
388
348
D
0.00025
0.0002
0.00036
0.05659
0.05402
0.88858
V
369
N
370
368
389
349
D
0.00873
0.0
0.00221
0.98365
0.0
0.00255
0.00286
V
370
N
371
369
390
350
D
0.71254
0.28722
0.0
0.00024
V
371
N
372
370
391
D
0.19549
0.0
0.0
0.80451
V
372
N
373
371
392
352
D
0.047
0.02387
0.0
0.0895
0.0
0.37253
0.4671
V
373
N
374
372
393
353
D
0.05747
0.0
0.0
0.0
0.05553
0.887
V
374
N
375
373
394
354
D
0.00014
0.0
0.0
0.0
0.75977
0.06505
0.17504
V
375
N
374
395
355
D
0.8797
0.0
0.02868
0.03406
0.0
0.0
0.05756
V
386
N
387
406
366
D
0.49017
0.0
0.10583
0.0
0.05044
0.0
0.35356
V
387
N
388
386
407
367
D
0.6964
0.18081
0.03139
0.08725
0.00415
V
388
N
389
387
408
368
D
0.02575
0.0
0.0
0.00165
0.00036
0.96918
0.00306
V
389
N
390
388
409
369
D
0.14376
0.0
0.0
0.0
0.0
0.0
0.85624
V
390
N
391
389
410
370
D
0.49645
0.0
0.04788
0.0
0.28582
0.07127
0.09858
V
391
N
392
390
411
371
D
0.52715
0.0
0.0
0.33006
0.14279
V
392
N
393
391
412
372
D
0.11193
0.22614
0.0
0.0
0.04141
0.38742
0.2331
V
393
N
394
392
413
373
D
0.56824
0.0
0.0
0.43176
V
394
N
395
393
414
374
D
0.80081
0.0
0.0
0.0
0.0
0.0
0.19919
V
395
N
394
415
375
D
0.76913
0.0
0.0
0.23087
V
406
N
407
426
386
D
0.23269
0.61603
0.0
0.0
0.0
0.0322
0.11908
V
407
N
408
406
427
387
D
0.67035
0.0
0.0
0.00692
0.32273
V
408
N
409
407
428
388
D
0.00709
0.0
0.01623
0.0
0.35698
0.00694
0.61276
V
409
N
410
408
429
389
D
0.41355
0.0
0.0
0.0
0.06971
0.51674
V
410
N
411
409
430
390
D
0.2296
0.0
0.0
0.47236
0.0439
0.04215
0.21199
V
411
N
412
410
431
391
D
0.13302
0.43959
0.33449
0.0
0.0929
V
412
N
413
411
432
392
D
0.17456
0.0
0.09958
0.0
0.0
0.62689
0.09897
V
413
N
414
412
433
393
D
0.35601
0.0
0.0
0.0
0.12832
0.51567
V
414
N
415
413
434
394
D
0.74824
0.08299
0.16877
V
415
N
414
435
395
D
0.00389
0.0
0.0
0.00882
0.95945
0.02034
0.0075
V
426
N
427
446
406
D
0.26427
0.21593
0.0
0.0
0.0
0.0
0.5198
V
427
N
428
426
447
407
D
0.97573
0.0
0.00223
0.0
0.00034
0.0196
0.0021
V
428
N
429
427
448
408
D
0.06488
0.89754
0.0
0.0
0.0
0.0
0.03758
V
429
N
430
428
449
409
D
0.68467
0.06907
0.0
0.0
0.0
0.09051
0.15575
V
430
N
431
429
450
410
D
0.10187
0.0
0.0186
0.87953
V
431
N
432
430
451
411
D
0.3112
0.08401
0.08999
0.00165
0.51315
V
432
N
433
431
452
412
D
0.07254
0.0
0.0
0.0
0.89691
0.0
0.03055
V
433
N
434
432
453
413
D
0.35414
0.0
0.0
0.64449
0.0
0.00137
V
434
N
435
433
454
414
D
0.07326
0.0
0.21383
0.19659
0.0
0.51632
V
435
N
434
455
415
D
0.69481
0.0
0.0
0.0
0.0
0.30519
V
446
N
447
466
426
D
0.01254
0.03675
0.70106
0.0
0.0
0.20826
0.04139
V
447
N
448
446
467
427
D
0.00095
0.0
0.81242
0.07181
0.10425
0.00785
0.00272
V
448
N
449
447
468
428
D
0.46932
0.0
0.0
0.0
0.0
0.53068
V
449
N
450
448
469
429
D
0.01573
0.19377
0.06766
0.0
0.46232
0.24725
0.01327
V
450
N
451
449
470
430
D
0.58396
0.0
0.0
0.27356
0.0
0.0
0.14248
V
451
N
452
450
431
D
0.37967
0.0
0.0
0.21883
0.4015
V
452
N
453
451
472
432
D
0.02685
0.05667
0.15397
0.0
0.25427
0.0
0.50824
V
453
N
454
452
473
433
D
0.25043
0.0
0.03455
0.146
0.56902
V
454
N
455
453
474
434
D
0.00174
0.00159
0.0882
0.01422
0.00556
0.82303
0.06566
V
455
N
454
475
435
D
0.90229
0.0
0.0
0.0
0.0
0.09771
V
466
N
467
486
446
D
0.41642
0.0
0.0
0.0
0.0
0.0
0.58358
V
467
N
468
466
487
447
D
0.52064
0.07488
0.03
0.00096
0.11717
0.2563
5e-05
V
468
N
469
467
488
448
D
0.02003
0.61159
0.0
0.0
0.31962
0.04876
V
469
N
470
468
489
449
D
0.8707
0.1293
V
470
N
469
490
450
D
0.14079
0.0599
0.04438
0.0
0.01982
0.0
0.73511
V
472
N
473
492
452
D
0.94779
0.00011
0.0
0.0064
0.0
0.0457
V
473
N
474
472
493
453
D
0.78946
0.0
0.10263
0.09792
0.0
0.00999
V
474
N
475
473
494
454
D
0.17761
0.12905
0.0
0.0
0.09443
0.49583
0.10308
V
475
N
474
495
455
D
0.17778
0.0
0.0
0.0
0.59474
0.22748
V
486
N
487
506
466
D
0.00578
0.95619
0.02945
0.00067
5e-05
0.00786
V
487
N
488
486
507
467
D
0.53556
0.0
0.0
0.0
0.14604
0.0
0.3184
V
488
N
489
487
508
468
D
0.37684
0.0
0.0
0.12403
0.49913
V
489
N
490
488
509
469
D
0.13856
0.0
0.03631
0.0
0.18629
0.63884
V
490
N
491
489
510
470
D
0.00489
0.00395
0.06583
0.0
0.0
0.92533
V
491
N
492
490
511
D
0.27345
0.0
0.0
0.0
0.72655
V
492
N
493
491
512
472
D
0.15061
0.0
0.31443
0.23195
0.0
0.08625
0.21676
V
493
N
494
492
513
473
D
0.00172
0.00105
0.0
0.06315
0.15854
0.0
0.77554
V
494
N
495
493
514
474
D
0.08993
0.00397
0.66924
0.23059
0.0
0.00589
0.00038
V
495
N
494
515
475
D
0.09091
0.0
0.0046
0.83481
0.0
0.0
0.06968
V
506
N
507
486
D
0.58016
0.0
0.0
0.0
0.25732
0.0
0.16252
V
507
N
508
506
527
487
D
0.23559
0.0
0.0
0.0
0.65492
0.06027
0.04922
V
508
N
509
507
528
488
D
0.01161
0.93815
0.0202
0.01475
0.0
0.0
0.01529
V
509
N
510
508
529
489
D
0.02845
0.0
0.04204
0.0
0.00977
0.0
0.91974
V
510
N
511
509
530
490
D
0.57243
0.0
0.0
0.0
0.0
0.20257
0.225
V
511
N
512
510
531
491
D
0.02293
0.07725
0.00689
0.62574
0.23498
0.0
0.03221
V
512
N
513
511
532
492
D
0.18711
0.0
0.07589
0.0
0.18544
0.4067
0.14486
V
513
N
514
512
533
493
D
0.04133
0.2798
0.0
0.0
0.0
0.54263
0.13624
V
514
N
515
513
534
494
D
0.49969
0.50031
V
515
N
514
495
D
0.01978
0.0
0.92177
0.0
0.03439
0.02397
9e-05
V
527
N
528
507
D
0.06137
0.0
0.69234
0.08827
0.0
0.0
0.15802
V
528
N
529
527
548
508
D
0.94358
0.0
0.05642
V
529
N
530
528
549
509
D
0.18168
0.0
0.0
0.0
0.0
0.0
0.81832
V
530
N
531
529
510
D
0.00931
0.0
0.00164
0.78803
0.0
0.18404
0.01698
V
531
N
532
530
511
D
0.43138
0.0
0.0
0.48312
0.0
0.07864
0.00686
V
532
N
533
531
512
D
0.56342
0.38516
0.0
0.00625
0.04517
V
533
N
534
532
553
513
D
0.8859
0.0
0.0
0.1141
V
534
N
533
514
D
0.97714
0.0
0.02286
V
548
N
549
568
528
D
0.26425
0.69245
0.04198
0.0
0.0
0.0
0.00132
V
549
N
548
569
529
D
0.16261
0.04085
0.0
0.75703
0.03472
0.00479
V
553
N
573
533
D
0.00113
0.01967
0.00341
0.97325
0.0
0.00174
0.0008
V
568
N
569
588
548
D
0.13913
0.0
0.39815
0.46272
V
569
N
568
589
549
D
0.18072
0.0
0.11214
0.0
0.0
0.63674
0.0704
V
573
N
593
553
D
0.02805
0.79977
0.05505
0.03181
0.08532
V
588
N
589
608
568
D
0.91697
0.02606
0.0
0.0
0.0
0.03244
0.02453
V
589
N
588
609
569
D
0.1874
0.17116
0.51119
0.13025
V
593
N
613
573
D
0.04086
0.0
0.13565
0.0
0.58858
0.21005
0.02486
V
606
N
607
D
0.10469
0.0
0.52854
0.0
0.0
0.36677
V
607
N
608
606
627
D
0.07946
0.00981
0.11315
0.25107
0.54651
V
608
N
609
607
628
588
D
0.38719
0.0
0.0
0.53241
0.0
0.0804
V
609
N
610
608
629
589
D
0.0037
0.98155
0.00144
0.00416
0.00121
0.00622
0.00172
V
610
N
611
609
630
D
0.0296
0.19114
0.0
0.75281
0.02645
V
611
N
612
610
631
D
0.30248
0.0
0.0
0.0
0.16084
0.53668
V
612
N
613
611
632
D
0.57322
0.0
0.42678
V
613
N
612
593
D
0.74874
0.0
0.0
0.0
0.25126
V
615
N
635
D
0.60585
0.0
0.0
0.0
0.39415
V
627
N
628
607
D
0.11267
0.0
0.00828
0.24299
0.01774
0.61832
V
628
N
629
627
648
608
D
0.09997
0.0
0.11014
0.00965
0.00805
0.69865
0.07354
V
629
N
630
628
649
609
D
0.01615
0.0
0.0
0.01311
0.97074
V
630
N
631
629
650
610
D
0.11306
0.0
0.0
0.77974
0.1072
V
631
N
632
630
651
611
D
0.60684
0.0731
0.0
0.0
0.0
0.0
0.32006
V
632
N
631
652
612
D
0.80519
0.0
0.19481
V
634
N
635
654
D
0.4759
0.06379
0.0
0.0
0.0
0.41522
0.04509
V
635
N
634
615
D
0.00122
0.0
0.1947
0.08822
0.56956
0.1463
V
648
N
649
668
628
D
0.34106
0.0
0.0
0.0
0.48891
0.00303
0.167
V
649
N
650
648
669
629
D
0.2366
0.0
0.0
0.52027
0.0
0.0
0.24313
V
650
N
651
649
670
630
D
0.03535
0.25435
0.59542
0.0
0.0
0.05177
0.06311
V
651
N
652
650
671
631
D
0.03275
0.1043
0.0
0.0
0.28436
0.57681
0.00178
V
652
N
653
651
672
632
D
0.26793
0.0
0.0
0.0
0.52403
0.20804
V
653
N
654
652
673
D
0.69056
0.0
0.0
0.30944
V
654
N
653
634
D
0.48292
0.00117
0.15424
0.0
0.0
0.29897
0.0627
V
668
N
669
648
D
0.02869
0.04101
0.0
0.34603
0.05842
0.52585
V
669
N
670
668
649
D
0.443
0.0
0.05619
0.0
0.34065
0.16016
V
670
N
671
669
650
D
0.20496
0.12243
0.60048
0.0
0.03705
0.02068
0.0144
V
671
N
672
670
651
D
0.19171
0.4572
0.0
0.29284
0.0
0.05825
V
672
N
673
671
652
D
0.16986
0.83014
V
673
N
672
653
D
0.92468
0.0
0.07532
