i_270_6_29_FR_X
29
X
A
0
1
14
8
A
1
1
26
11
A
2
1
22
25
A
3
1
21
4
A
4
1
29
4
A
5
1
20
9
V
1
N
2
16
D
0.1833
0.0
0.0017
0.1536
0.5461
0.1043
V
2
N
3
1
17
D
0.0671
0.1399
0.6617
0.0959
0.0
V
3
N
4
2
18
D
0.0806
0.0353
0.0
V
4
N
5
3
19
D
0.0007
0.859
0.0
0.1349
0.0052
V
5
N
6
4
20
D
0.0139
0.0378
0.0131
0.0
0.0
V
6
N
7
5
21
D
0.1664
0.0
0.4014
V
7
N
8
6
22
D
0.4862
0.5138
V
8
N
9
7
23
D
0.07
0.6428
0.2872
V
9
N
10
8
24
D
0.8127
0.0
0.0055
0.0024
0.1343
V
10
N
11
9
25
D
0.1821
0.7818
0.0
V
11
N
12
10
26
D
0.6445
0.0
0.3177
V
12
N
13
11
27
D
0.3003
0.4326
0.0468
0.0
0.0616
V
13
N
14
12
28
D
0.7096
0.0
0.0033
0.0031
0.1917
V
14
N
15
13
29
D
0.0242
0.0
0.0
0.0
V
15
N
14
30
D
0.5164
0.0471
0.0128
0.0
V
16
N
17
31
1
D
0.0578
0.0332
0.0656
0.0
0.6624
0.1738
V
17
N
18
16
32
2
D
0.7382
0.0
0.0
V
18
N
19
17
33
3
D
0.125
0.0
0.5634
0.0
V
19
N
20
18
34
4
D
0.0882
0.267
0.0093
0.0
0.0
V
20
N
21
19
35
5
D
0.4349
0.0107
0.0
0.0007
0.0
V
21
N
22
20
36
6
D
0.1612
0.0515
0.0
0.6841
V
22
N
23
21
37
7
D
0.0009
0.0
0.043
0.0504
0.0098
0.5626
V
23
N
24
22
38
8
D
0.0652
0.118
0.0
0.7032
V
24
N
25
23
39
9
D
0.3434
0.0
0.5033
0.1531
V
25
N
26
24
40
10
D
0.4317
0.0
0.3035
0.0
0.0499
V
26
N
27
25
41
11
D
0.1196
0.4945
0.3859
V
27
N
28
26
42
12
D
0.6189
0.0352
0.0
0.2199
0.1257
V
28
N
29
27
43
13
D
0.142
0.0
0.0
0.0869
0.3079
V
29
N
30
28
44
14
D
0.0225
0.0273
0.0
0.0719
0.0955
V
30
N
29
45
15
D
0.8513
0.0
V
31
N
32
46
16
D
0.012
0.0
0.0
0.0098
V
32
N
33
31
47
17
D
0.0272
0.0
0.8511
0.0519
V
33
N
34
32
48
18
D
0.0083
0.8674
0.0
0.0
V
34
N
35
33
49
19
D
0.5038
0.0
V
35
N
36
34
50
20
D
0.4624
0.0
0.4942
0.0298
V
36
N
37
35
51
21
D
0.6289
0.0
V
37
N
38
36
52
22
D
0.019
0.0
0.0
0.059
V
38
N
39
37
53
23
D
0.0881
0.0
0.0137
0.07
V
39
N
40
38
54
24
D
0.0121
0.0
0.8411
0.0195
0.0623
V
40
N
41
39
55
25
D
0.7237
0.0
0.0
V
41
N
42
40
56
26
D
0.0063
0.075
0.0047
0.0
0.0035
V
42
N
43
41
57
27
D
0.099
0.0
0.0
0.7518
0.0463
V
43
N
44
42
58
28
D
0.6274
0.1562
0.2083
0.0
V
44
N
45
43
59
29
D
0.2197
0.04
0.0
0.0091
0.0
V
45
N
44
60
30
D
0.0524
0.0158
0.3114
0.1398
0.3905
0.0
V
46
N
47
61
31
D
0.0151
0.586
0.05
0.2227
0.0
0.0231
V
47
N
48
46
62
32
D
0.4045
0.0
0.3887
V
48
N
49
47
63
33
D
0.1929
0.0043
0.0093
0.0
0.2002
0.5128
V
49
N
50
48
64
34
D
0.329
0.0132
0.0
0.0052
0.0108
V
50
N
51
49
65
35
D
0.5809
0.0
V
51
N
52
50
66
36
D
0.0114
0.3809
0.5943
0.0
V
52
N
53
51
67
37
D
0.3376
0.0038
0.6186
0.0007
0.0
0.0352
V
53
N
54
52
68
38
D
0.7031
0.1043
0.0419
0.0128
0.0078
0.1301
V
54
N
55
53
69
39
D
0.0779
0.0
0.9069
V
55
N
56
54
70
40
D
0.5496
0.0
0.0028
V
56
N
57
55
71
41
D
0.0576
0.0
0.1664
V
57
N
58
56
72
42
D
0.2359
0.5155
0.0
V
58
N
59
57
73
43
D
0.2705
0.1409
0.0
0.0682
0.0249
0.0013
V
59
N
60
58
74
44
D
0.507
0.4475
0.0215
0.0
0.0098
0.0141
V
60
N
59
75
45
D
0.0774
0.0
0.0
V
61
N
62
76
46
D
0.08
0.0
0.8858
0.0
V
62
N
63
61
77
47
D
0.4527
0.0109
0.3497
0.0
0.1661
V
63
N
64
62
78
48
D
0.2275
0.0
0.0
V
64
N
65
63
79
49
D
0.7596
0.0
V
65
N
66
64
80
50
D
0.1574
0.5773
0.0744
0.1909
V
66
N
67
65
81
51
D
0.3452
0.0
0.0
0.4633
0.0441
V
67
N
68
66
82
52
D
0.0123
0.6786
0.263
0.0461
V
68
N
69
67
83
53
D
0.7807
0.0
0.1013
V
69
N
70
68
84
54
D
0.4595
0.0
0.0064
0.1922
0.0
V
70
N
71
69
85
55
D
0.1896
0.1646
0.0
0.5338
V
71
N
72
70
86
56
D
0.9376
0.0
V
72
N
73
71
87
57
D
0.1086
0.0
0.0206
0.0
0.3083
V
73
N
74
72
88
58
D
0.3968
0.0599
0.0
V
74
N
75
73
89
59
D
0.3088
0.6912
V
75
N
74
90
60
D
0.5658
0.0
0.0
V
76
N
77
91
61
D
0.1449
0.3806
0.0
V
77
N
78
76
92
62
D
0.7943
0.0
V
78
N
79
77
93
63
D
0.0404
0.0
0.0003
0.0002
0.0067
V
79
N
80
78
94
64
D
0.0414
0.0
0.4594
V
80
N
81
79
95
65
D
0.2908
0.57
0.0262
0.0
0.0525
V
81
N
82
80
96
66
D
0.7722
0.0
0.0
V
82
N
83
81
97
67
D
0.3938
0.0
V
83
N
84
82
98
68
D
0.2448
0.0
0.0
V
84
N
85
83
99
69
D
0.9082
0.0
0.0037
0.0
V
85
N
86
84
100
70
D
0.2671
0.0
0.5214
V
86
N
87
85
101
71
D
0.3339
0.0
0.0
0.1828
V
87
N
88
86
102
72
D
0.2501
0.2306
0.4614
0.0
V
88
N
89
87
103
73
D
0.6631
0.0
V
89
N
90
88
104
74
D
0.7648
0.0124
0.0
0.0
0.0053
V
90
N
89
105
75
D
0.2829
0.0225
0.6804
0.0
0.0
V
91
N
92
106
76
D
0.0282
0.4335
0.0
0.3178
0.0313
0.017
V
92
N
93
91
107
77
D
0.0027
0.0
V
93
N
94
92
108
78
D
0.0838
0.0
0.7914
V
94
N
95
93
109
79
D
0.2441
0.0123
0.0
0.0573
0.0
V
95
N
96
94
110
80
D
0.2116
0.0
0.0
V
96
N
97
95
111
81
D
0.2513
0.0
V
97
N
98
96
112
82
D
0.0205
0.0
V
98
N
99
97
113
83
D
0.0308
0.3791
0.0
V
99
N
100
98
114
84
D
0.049
0.3514
0.0
0.2781
V
100
N
101
99
115
85
D
0.2707
0.5619
0.0
0.0
V
101
N
102
100
116
86
D
0.1744
0.4616
0.0
0.2799
0.079
V
102
N
103
101
117
87
D
0.2201
0.1291
0.0832
0.1241
0.0578
0.0
V
103
N
104
102
118
88
D
0.9992
0.0008
V
104
N
105
103
119
89
D
0.3847
0.0
0.0
V
105
N
104
120
90
D
0.2861
0.0
0.0
0.0
V
106
N
107
121
91
D
0.4426
0.0
0.0624
V
107
N
108
106
122
92
D
0.5672
0.4328
V
108
N
109
107
123
93
D
0.4086
0.0178
0.0
0.0
0.4253
V
109
N
110
108
124
94
D
0.2915
0.0057
0.6289
0.0
V
110
N
111
109
125
95
D
0.327
0.0
0.0
V
111
N
112
110
126
96
D
0.4583
0.0
0.0
V
112
N
113
111
127
97
D
0.0905
0.0
0.4376
V
113
N
114
112
128
98
D
0.0398
0.0396
0.1189
0.0
0.0
V
114
N
115
113
129
99
D
0.0845
0.0
0.0
0.0
V
115
N
116
114
130
100
D
0.2117
0.0
0.0
V
116
N
117
115
131
101
D
0.8975
0.002
0.0129
0.0556
0.0055
0.0265
V
117
N
118
116
132
102
D
0.3382
0.453
0.0
0.0
V
118
N
119
117
133
103
D
0.0555
0.0103
0.0845
0.0202
0.8076
0.0
V
119
N
120
118
134
104
D
0.2677
0.7323
V
120
N
119
135
105
D
0.0007
0.4783
0.0054
0.4869
0.0
V
121
N
122
136
106
D
0.0034
0.0049
0.4148
0.0
0.4185
V
122
N
123
121
137
107
D
0.0202
0.009
0.3108
0.2968
0.3274
0.0358
V
123
N
124
122
138
108
D
0.0023
0.9078
0.0
0.0013
0.005
V
124
N
125
123
139
109
D
0.1602
0.0
0.0
V
125
N
126
124
140
110
D
0.8558
0.0
V
126
N
127
125
141
111
D
0.2964
0.7036
V
127
N
128
126
142
112
D
0.3534
0.256
0.0
0.0
V
128
N
129
127
143
113
D
0.8656
0.0
0.0529
V
129
N
130
128
144
114
D
0.2634
0.5332
0.0436
0.0
V
130
N
131
129
145
115
D
0.061
0.0128
0.0
0.0275
0.0045
0.882
V
131
N
132
130
146
116
D
0.0303
0.8871
0.0
V
132
N
133
131
147
117
D
0.6968
0.0
0.0335
0.1968
0.0274
V
133
N
134
132
148
118
D
0.7688
0.0
V
134
N
135
133
149
119
D
0.1373
0.5664
0.2337
0.0
V
135
N
134
150
120
D
0.2123
0.0377
0.0
0.0211
0.3026
V
136
N
137
151
121
D
0.1758
0.0138
0.0413
0.7677
0.0014
V
137
N
138
136
152
122
D
0.074
0.0
0.352
0.0723
V
138
N
139
137
153
123
D
0.1696
0.2208
0.0
0.0627
0.0449
V
139
N
140
138
154
124
D
0.3116
0.0
0.0977
0.2025
0.0305
0.2489
V
140
N
141
139
155
125
D
0.6201
0.051
0.0
0.0
V
141
N
142
140
156
126
D
0.702
0.2513
0.0344
0.0
V
142
N
143
141
157
127
D
0.0745
0.0784
0.0555
0.4802
0.0
V
143
N
144
142
158
128
D
0.0363
0.0117
0.0
0.2105
V
144
N
145
143
159
129
D
0.0236
0.1153
0.0
0.8264
0.0135
V
145
N
146
144
160
130
D
0.6724
0.1613
0.0
V
146
N
147
145
161
131
D
0.0151
0.1021
0.0
V
147
N
148
146
162
132
D
0.0856
0.0284
0.0
0.2488
V
148
N
149
147
163
133
D
0.2227
0.7345
0.0428
V
149
N
150
148
164
134
D
0.2325
0.0
0.1795
0.0756
0.0
V
150
N
149
165
135
D
0.0023
0.0
0.0
0.821
0.0812
V
151
N
152
166
136
D
0.0064
0.0
0.0
0.9807
V
152
N
153
151
167
137
D
0.8219
0.0
0.0
V
153
N
154
152
168
138
D
0.8059
0.1639
0.0
0.0174
0.0014
V
154
N
155
153
169
139
D
0.7178
0.0097
0.0
0.2057
0.0095
V
155
N
156
154
170
140
D
0.0883
0.06
0.0788
0.6476
0.0144
0.0
V
156
N
157
155
171
141
D
0.0037
0.0021
0.9807
0.0122
0.0013
V
157
N
158
156
172
142
D
0.4095
0.0
0.3332
0.0
V
158
N
159
157
173
143
D
0.4102
0.0728
0.4831
0.0
V
159
N
160
158
174
144
D
0.0595
0.0
0.0
0.4581
V
160
N
161
159
175
145
D
0.0906
0.2184
0.6511
0.0
V
161
N
162
160
176
146
D
0.0079
0.0176
0.3442
0.3831
0.2472
V
162
N
163
161
177
147
D
0.1333
0.3581
0.0
V
163
N
164
162
178
148
D
0.3843
0.0649
0.0
0.3122
0.0002
0.1137
V
164
N
165
163
179
149
D
0.4206
0.0
0.568
V
165
N
164
180
150
D
0.5394
0.0129
0.239
0.0
0.0654
0.1408
V
166
N
167
181
151
D
0.0981
0.0
0.0
V
167
N
168
166
182
152
D
0.5338
0.4662
V
168
N
169
167
183
153
D
0.1888
0.2309
0.0
0.0034
0.0414
V
169
N
170
168
184
154
D
0.7813
0.0
0.0402
V
170
N
171
169
185
155
D
0.2366
0.3874
0.0
0.0
V
171
N
172
170
186
156
D
0.076
0.4468
0.0
0.0
V
172
N
173
171
187
157
D
0.0757
0.1446
0.1459
0.5302
0.0
0.0065
V
173
N
174
172
188
158
D
0.1566
0.0
0.1725
V
174
N
175
173
189
159
D
0.0891
0.2403
0.0
0.3197
V
175
N
176
174
190
160
D
0.0512
0.0081
0.3476
0.0
0.593
V
176
N
177
175
191
161
D
0.1788
0.6777
0.0378
0.0726
0.0
V
177
N
178
176
192
162
D
0.2602
0.0
0.3569
0.0
V
178
N
179
177
193
163
D
0.0272
0.0129
0.6712
0.0
0.1062
V
179
N
180
178
194
164
D
0.3671
0.0
0.0
V
180
N
179
195
165
D
0.3569
0.3309
0.0831
0.0139
0.0049
0.0
V
181
N
182
196
166
D
0.9393
0.0004
0.0
0.0017
0.0
V
182
N
183
181
197
167
D
0.4411
0.0
0.0
0.2285
V
183
N
184
182
198
168
D
0.1471
0.0
V
184
N
185
183
199
169
D
0.4957
0.0
0.0
V
185
N
186
184
200
170
D
0.2543
0.1934
0.0
V
186
N
187
185
201
171
D
0.6451
0.0
V
187
N
188
186
202
172
D
0.7539
0.0
V
188
N
189
187
203
173
D
0.0233
0.0106
0.0638
0.0
0.0
V
189
N
190
188
204
174
D
0.1616
0.0
0.5162
V
190
N
191
189
205
175
D
0.9859
0.0
V
191
N
192
190
206
176
D
0.4569
0.342
0.0
V
192
N
193
191
207
177
D
0.072
0.2073
0.1832
0.3785
0.0
0.0419
V
193
N
194
192
208
178
D
0.3902
0.0
V
194
N
195
193
209
179
D
0.027
0.0109
0.0624
0.0
0.0
V
195
N
194
210
180
D
0.0242
0.0
0.4442
0.4707
V
196
N
197
211
181
D
0.191
0.0
0.0
V
197
N
198
196
212
182
D
0.128
0.0
0.1469
V
198
N
199
197
213
183
D
0.3252
0.0
0.0041
0.0
0.0193
V
199
N
200
198
214
184
D
0.0506
0.0
0.0
0.0
V
200
N
201
199
215
185
D
0.3059
0.1733
0.0
0.0
V
201
N
202
200
216
186
D
0.3527
0.0
0.0804
V
202
N
203
201
217
187
D
0.0987
0.0
0.0
V
203
N
204
202
218
188
D
0.0584
0.5784
0.0
V
204
N
205
203
219
189
D
0.2418
0.0
V
205
N
206
204
220
190
D
0.1192
0.0
0.4977
V
206
N
207
205
221
191
D
0.0593
0.0
0.3893
0.0
V
207
N
208
206
222
192
D
0.0904
0.0
0.0
V
208
N
209
207
223
193
D
0.0427
0.0
V
209
N
210
208
224
194
D
0.352
0.055
0.0
V
210
N
209
225
195
D
0.5493
0.0
0.0
V
211
N
212
226
196
D
0.0954
0.0
0.4457
0.0
V
212
N
213
211
227
197
D
0.2363
0.0689
0.1055
0.5283
0.0
V
213
N
214
212
228
198
D
0.3611
0.268
0.0158
0.0
V
214
N
215
213
229
199
D
0.4752
0.5026
0.0
V
215
N
216
214
230
200
D
0.5398
0.0
0.4538
V
216
N
217
215
231
201
D
0.0284
0.6158
0.0
0.0539
0.223
V
217
N
218
216
232
202
D
0.3219
0.1243
0.2141
0.0286
0.0016
0.2451
0.0644
V
218
N
219
217
233
203
D
0.1866
0.4632
0.0
V
219
N
220
218
234
204
D
0.8068
0.0
0.0
0.0254
V
220
N
221
219
235
205
D
0.1714
0.0
0.259
0.4038
V
221
N
222
220
236
206
D
0.062
0.0179
0.0
0.0336
V
222
N
223
221
237
207
D
0.0065
0.2251
0.0544
0.6321
0.0067
0.0
V
223
N
224
222
238
208
D
0.3283
0.5854
0.0371
0.0492
V
224
N
225
223
239
209
D
0.5301
0.0
0.0
0.1345
V
225
N
224
240
210
D
0.6469
0.1351
0.0
V
226
N
227
241
211
D
0.0714
0.0
0.5912
V
227
N
228
226
242
212
D
0.3403
0.0
0.3082
0.018
0.0
V
228
N
229
227
243
213
D
0.3722
0.0
0.0
V
229
N
230
228
244
214
D
0.0018
0.0008
0.0
V
230
N
231
229
245
215
D
0.4856
0.0
0.4596
0.029
V
231
N
232
230
246
216
D
0.6206
0.0148
0.162
0.02
0.1815
0.0011
V
232
N
233
231
247
217
D
0.0938
0.1743
0.635
0.0444
0.0525
V
233
N
234
232
248
218
D
0.1886
0.0
0.2035
0.5829
V
234
N
235
233
249
219
D
0.7946
0.0
V
235
N
236
234
250
220
D
0.1627
0.0
0.3957
V
236
N
237
235
251
221
D
0.567
0.0
V
237
N
238
236
252
222
D
0.8863
0.0
V
238
N
239
237
253
223
D
0.0278
0.0
0.0
V
239
N
240
238
254
224
D
0.5925
0.0
0.3541
V
240
N
239
255
225
D
0.47
0.0
0.0
0.3983
V
241
N
242
256
226
D
0.3916
0.1001
0.0
0.0
V
242
N
243
241
257
227
D
0.7074
0.14
0.0
0.0237
0.0
V
243
N
244
242
258
228
D
0.1161
0.0
0.0
0.537
V
244
N
245
243
259
229
D
0.4038
0.0
0.0418
0.0
V
245
N
246
244
260
230
D
0.2654
0.0
0.0
0.077
V
246
N
247
245
261
231
D
0.8273
0.0
0.0
0.1104
0.0383
V
247
N
248
246
262
232
D
0.0155
0.4215
0.5595
0.0003
0.0
V
248
N
249
247
263
233
D
0.2004
0.0
0.719
V
249
N
250
248
264
234
D
0.0067
0.0
0.0
0.0562
V
250
N
251
249
265
235
D
0.562
0.0389
0.0
0.0
V
251
N
252
250
266
236
D
0.4428
0.0
0.0
0.5215
V
252
N
253
251
267
237
D
0.8056
0.0
V
253
N
254
252
268
238
D
0.0014
0.0
0.2416
0.0
0.0021
V
254
N
255
253
269
239
D
0.1493
0.1083
0.1226
0.0
V
255
N
254
270
240
D
0.2206
0.0
0.0
V
256
N
257
241
D
0.5691
0.3355
0.0
V
257
N
258
256
242
D
0.3177
0.0
0.0
0.4348
V
258
N
259
257
243
D
0.165
0.0
0.8039
0.0
V
259
N
260
258
244
D
0.0017
0.0
0.0037
0.2719
0.128
0.0021
V
260
N
261
259
245
D
0.45
0.0
0.4009
0.1002
V
261
N
262
260
246
D
0.2774
0.0
0.3028
0.1073
V
262
N
263
261
247
D
0.6299
0.0
0.2777
V
263
N
264
262
248
D
0.2594
0.4913
0.2493
V
264
N
265
263
249
D
0.0053
0.994
0.0002
0.0001
0.0004
V
265
N
266
264
250
D
0.7279
0.0
0.0
0.0
V
266
N
267
265
251
D
0.2202
0.0
0.7029
V
267
N
268
266
252
D
0.0978
0.0
0.3977
0.0
V
268
N
269
267
253
D
0.0025
0.0
0.4738
0.271
V
269
N
270
268
254
D
0.1464
0.0796
0.0
0.0223
0.1215
0.0462
V
270
N
269
255
D
0.0135
0.0
0.5906
0.2508
