i_275_4_42_FR_lak507d
42
lak507d
A
0
32
42
9
A
1
32
29
32
A
2
32
32
27
A
3
32
23
31
V
32
N
33
53
D
0.04129
0.10259
0.28623
0.5355
0.0
0.03439
V
33
N
32
54
D
0.05724
0.7787
0.00167
0.0
0.0
0.0
0.16239
V
48
N
49
69
D
0.09204
0.02392
0.0
0.0
0.0
0.0
0.88404
V
49
N
50
48
70
D
0.45724
0.54276
V
50
N
49
71
D
0.2018
0.0
0.04718
0.0
0.75102
V
53
N
54
74
32
D
0.25153
0.03572
0.0
0.0
0.0
0.0
0.71275
V
54
N
53
75
33
D
0.5782
0.0
0.0
0.0
0.4218
V
56
N
57
77
D
0.22757
0.0
0.07676
0.20147
0.0
0.4942
V
57
N
58
56
78
D
0.51093
0.0
0.0
0.33995
0.14912
V
58
N
57
79
D
0.12075
0.25858
0.0
0.1938
0.38611
0.0
0.04076
V
68
N
69
89
D
0.83119
0.04628
0.0
0.0
0.0
0.12253
V
69
N
70
68
90
48
D
0.61923
0.24303
0.00728
0.0
0.13046
V
70
N
71
69
91
49
D
0.76826
0.0
0.0
0.00186
0.0
0.0
0.22988
V
71
N
72
70
92
50
D
0.02698
0.73612
0.0622
0.0
0.00154
0.13703
0.03613
V
72
N
73
71
93
D
0.01767
0.0
0.00061
0.0
0.0
0.00028
0.98144
V
73
N
74
72
94
D
0.49236
0.0
0.0
0.0
0.0
0.50764
V
74
N
75
73
95
53
D
0.05229
0.00537
0.0
0.0
0.07037
0.35799
0.51398
V
75
N
76
74
96
54
D
0.10273
0.0
0.0
0.8071
0.00413
0.08604
V
76
N
77
75
97
D
0.40335
0.37668
0.21997
V
77
N
78
76
98
56
D
0.1417
0.0
0.1076
0.1373
0.01102
0.19628
0.4061
V
78
N
79
77
99
57
D
0.00073
0.44177
0.0
0.00041
0.01288
0.0
0.54421
V
79
N
80
78
100
58
D
0.17752
0.31809
0.44408
0.00836
0.0
0.0
0.05195
V
80
N
79
101
D
0.17365
0.0
0.50302
0.0
0.0
0.03598
0.28735
V
89
N
90
110
68
D
0.00703
0.09182
0.89163
0.0
0.00479
0.00473
V
90
N
91
89
111
69
D
0.09373
0.45095
0.0
0.3039
0.0
0.14989
0.00153
V
91
N
92
90
112
70
D
0.00654
0.0
0.0
0.0
0.7045
0.28896
V
92
N
93
91
113
71
D
0.78525
0.0
0.19691
0.01784
V
93
N
94
92
114
72
D
0.2548
0.0
0.0
0.0
0.49575
0.24945
V
94
N
95
93
115
73
D
0.17266
0.48931
0.07229
0.0
0.16361
0.10213
V
95
N
96
94
116
74
D
0.143
0.10852
0.04364
0.26306
0.08953
0.0
0.35225
V
96
N
97
95
117
75
D
0.27416
0.72584
V
97
N
98
96
118
76
D
0.20274
0.0
0.0
0.0
0.53316
0.0
0.2641
V
98
N
99
97
119
77
D
0.17058
0.0
0.0
0.82827
0.0
0.00115
V
99
N
100
98
120
78
D
0.00656
0.28347
0.04925
0.64706
0.0
0.00286
0.0108
V
100
N
101
99
121
79
D
0.01642
0.0
0.74255
0.0
0.0
0.01353
0.2275
V
101
N
102
100
122
80
D
0.00819
0.0
0.00641
0.13065
0.00638
0.53719
0.31118
V
102
N
101
123
D
0.27395
0.34859
0.0
0.02238
0.14822
0.1112
0.09566
V
109
N
110
130
D
0.14661
0.0
0.0
0.05432
0.0
0.0022
0.79687
V
110
N
111
109
131
89
D
0.07922
0.21617
0.66875
0.0
0.0
0.03586
V
111
N
112
110
132
90
D
0.30939
0.0
0.0
0.11048
0.22196
0.0
0.35817
V
112
N
113
111
133
91
D
0.91082
0.0
0.0
0.04044
0.0
0.0
0.04874
V
113
N
114
112
134
92
D
0.13394
0.0
0.0
0.0
0.0
0.0
0.86606
V
114
N
115
113
135
93
D
0.05135
0.0
0.0
0.53448
0.0
0.41417
V
115
N
116
114
136
94
D
0.11378
0.0
0.34444
0.0
0.0
0.13071
0.41107
V
116
N
117
115
137
95
D
0.01112
0.94106
0.0
0.04058
0.0
0.0
0.00724
V
117
N
118
116
138
96
D
0.17153
0.07722
0.0
0.0146
0.44652
0.28044
0.00969
V
118
N
119
117
139
97
D
0.90479
0.00491
0.07943
0.01087
V
119
N
120
118
140
98
D
0.95605
0.0
0.0
0.04395
V
120
N
121
119
141
99
D
9e-05
0.0
0.0467
0.95033
0.00222
0.0
0.00066
V
121
N
122
120
142
100
D
0.81257
0.0
0.0
0.0
0.0
0.08394
0.10349
V
122
N
123
121
143
101
D
0.12852
0.1063
0.0
0.0
0.0
0.44703
0.31815
V
123
N
124
122
144
102
D
0.23811
0.0
0.0
0.0
0.0
0.51551
0.24638
V
124
N
123
145
D
0.72273
0.0
0.22531
0.02871
0.0
0.0
0.02325
V
129
N
130
D
0.18534
0.0
0.0
0.0
0.0
0.81466
V
130
N
131
129
109
D
0.3679
0.02949
0.3073
0.0
0.2624
0.0
0.03291
V
131
N
132
130
152
110
D
0.02008
0.0
0.75097
0.0
0.0
0.22895
V
132
N
133
131
153
111
D
0.28929
0.06811
0.09643
0.0
0.0
0.0
0.54617
V
133
N
134
132
154
112
D
0.54353
0.0
0.0
0.45647
V
134
N
135
133
155
113
D
0.69751
0.0
0.0
0.0
0.0
0.0
0.30249
V
135
N
136
134
156
114
D
0.71158
0.0
0.0
0.0
0.28842
V
136
N
137
135
157
115
D
0.0261
0.06565
0.00176
0.08244
0.02845
0.0
0.7956
V
137
N
138
136
158
116
D
0.18499
0.0
0.05038
0.10682
0.65781
V
138
N
139
137
159
117
D
0.9846
0.0
0.0
0.0
0.0
0.0
0.0154
V
139
N
140
138
160
118
D
0.77115
0.0
0.0
0.22885
V
140
N
141
139
161
119
D
0.17766
0.22905
0.0
0.04494
0.45096
0.0
0.09739
V
141
N
142
140
162
120
D
0.47743
0.0
0.0
0.0
0.42533
0.0
0.09724
V
142
N
143
141
163
121
D
0.33689
0.0
0.13161
0.00969
0.52181
V
143
N
144
142
164
122
D
0.08247
0.0
0.73236
0.0
0.0835
0.10167
V
144
N
145
143
165
123
D
0.59967
0.2131
0.0
0.0
0.0
0.00587
0.18136
V
145
N
146
144
166
124
D
0.02983
0.09334
0.0
0.10543
0.0
0.7714
V
146
N
145
D
0.19631
0.0
0.0
0.0
0.80369
V
152
N
153
173
131
D
0.06575
0.0
0.0
0.0
0.0
0.93425
V
153
N
154
152
174
132
D
0.15472
0.58777
0.0
0.0
0.0
0.1768
0.08071
V
154
N
155
153
175
133
D
0.0721
0.0
0.04486
0.0
0.0
0.88304
V
155
N
156
154
176
134
D
0.02025
0.0
0.0
0.06787
0.21259
0.29735
0.40194
V
156
N
157
155
177
135
D
0.53696
0.2454
0.09521
0.0
0.0
0.12243
V
157
N
158
156
178
136
D
0.00105
0.01125
0.67313
0.01327
0.0
0.3013
V
158
N
159
157
179
137
D
0.18373
0.0
0.01563
0.74288
0.05776
V
159
N
160
158
180
138
D
0.32437
0.06557
0.61006
V
160
N
161
159
181
139
D
0.46222
0.23774
0.0
0.0
0.0
0.30004
V
161
N
162
160
182
140
D
0.1103
0.0
0.08812
0.0
0.0
0.0
0.80158
V
162
N
163
161
183
141
D
0.39314
0.0
0.0
0.32446
0.2824
V
163
N
164
162
184
142
D
0.36774
0.0
0.0
0.0
0.5938
0.0
0.03846
V
164
N
165
163
185
143
D
0.20421
0.47509
0.0
0.0726
0.0
0.2481
V
165
N
166
164
186
144
D
0.19442
0.26955
0.0
0.46326
0.0
0.07277
V
166
N
165
187
145
D
0.14844
0.26177
0.0
0.3383
0.0
0.25149
V
173
N
174
194
152
D
0.39279
0.0
0.00387
0.02986
0.0
0.0
0.57348
V
174
N
175
173
195
153
D
0.34272
0.24465
0.02395
0.03141
0.0482
0.0
0.30907
V
175
N
176
174
196
154
D
0.34752
0.0
0.07286
0.0
0.28708
0.29254
V
176
N
177
175
197
155
D
0.04586
0.82097
0.11536
0.0
0.0
0.0
0.01781
V
177
N
178
176
198
156
D
0.67184
0.0
0.18146
0.1467
V
178
N
179
177
199
157
D
0.04662
0.0
0.0
0.70243
0.0
0.06135
0.1896
V
179
N
180
178
200
158
D
0.13446
0.0
0.0
0.0
0.0
0.86554
V
180
N
181
179
201
159
D
0.33471
0.0
0.09393
0.0
0.0
0.0
0.57136
V
181
N
182
180
202
160
D
0.85035
0.0
0.0
0.0
0.0
0.02319
0.12646
V
182
N
183
181
203
161
D
0.01425
0.04401
0.0
0.03373
0.90801
V
183
N
184
182
204
162
D
0.00287
0.64863
0.0
0.32413
0.0
0.00693
0.01744
V
184
N
185
183
205
163
D
0.65635
0.0
0.0
0.34365
V
185
N
186
184
206
164
D
0.0196
0.01414
0.0
0.00445
0.04912
0.47781
0.43488
V
186
N
187
185
207
165
D
0.07302
0.77103
0.0
0.15595
V
187
N
186
208
166
D
0.0284
0.01643
0.0
0.0
0.06619
0.0
0.88898
V
193
N
194
214
D
0.41587
0.58413
V
194
N
195
193
215
173
D
0.30912
0.0
0.0
0.66449
0.0
0.02639
V
195
N
196
194
216
174
D
0.00024
0.0
0.00163
0.01923
0.0
0.95595
0.02295
V
196
N
197
195
217
175
D
0.18344
0.10005
0.0
0.0
0.03411
0.2631
0.4193
V
197
N
198
196
218
176
D
0.20531
0.00084
0.0
0.07405
0.0
0.00032
0.71948
V
198
N
199
197
219
177
D
0.01215
0.48576
0.00264
0.01466
0.01482
0.46997
V
199
N
200
198
220
178
D
0.10505
0.45845
0.0
0.00025
0.4184
0.00147
0.01638
V
200
N
201
199
221
179
D
0.08191
0.0
0.0
0.02659
0.86926
0.02224
V
201
N
202
200
222
180
D
0.03496
0.00431
0.73241
0.01
0.0
0.0
0.21832
V
202
N
203
201
223
181
D
0.37009
0.0
0.13768
0.0
0.0
0.0
0.49223
V
203
N
204
202
224
182
D
0.04787
0.54112
0.30794
0.10015
0.00292
V
204
N
205
203
225
183
D
0.03894
0.90136
0.0
0.0
0.0597
V
205
N
206
204
226
184
D
0.07315
0.0
0.0
0.0
0.0
0.92685
V
206
N
207
205
227
185
D
0.07989
0.0
0.0
0.91233
0.0
0.00778
V
207
N
208
206
186
D
0.18105
0.25997
0.30311
0.24161
0.0
0.01426
V
208
N
209
207
187
D
0.55516
0.0
0.10647
0.33837
V
209
N
208
230
D
0.22778
0.0
0.0
0.0
0.0
0.0
0.77222
V
212
N
213
233
D
0.31922
0.05957
0.0
0.0
0.18533
0.43588
V
213
N
214
212
234
D
0.01413
0.38691
0.0
0.0
0.59896
V
214
N
215
213
235
193
D
0.36013
0.0
0.5983
0.0
0.00511
0.03646
V
215
N
216
214
236
194
D
0.01548
0.0
0.95488
0.02964
V
216
N
217
215
237
195
D
0.42959
0.00431
0.29338
0.0
0.27186
0.0
0.00086
V
217
N
218
216
238
196
D
0.13804
0.78085
0.0
0.0
0.0
0.08111
V
218
N
219
217
239
197
D
0.12368
0.52946
0.10574
0.24112
V
219
N
220
218
240
198
D
0.81206
0.0
0.0
0.02742
0.0005
0.16002
V
220
N
221
219
241
199
D
0.64733
0.33752
0.0
0.0
0.0
0.01515
V
221
N
222
220
242
200
D
0.64105
0.26186
0.0
0.0
0.0
0.0
0.09709
V
222
N
223
221
243
201
D
0.48048
0.22187
0.0
0.04174
0.14847
0.0
0.10744
V
223
N
224
222
244
202
D
0.86716
0.13284
V
224
N
225
223
245
203
D
0.20102
0.00402
0.0
0.0
0.0
0.79496
V
225
N
226
224
246
204
D
0.00794
0.0
0.0
0.0
0.32601
0.0
0.66605
V
226
N
227
225
247
205
D
0.1199
0.03364
0.0
0.32909
0.0
0.49524
0.02213
V
227
N
226
248
206
D
0.0054
0.0
0.00228
0.02078
0.85571
0.03165
0.08418
V
230
N
231
251
209
D
0.28684
0.0
0.0
0.67972
0.03344
V
231
N
230
252
D
0.46433
0.0
0.53567
V
233
N
234
254
212
D
0.36772
0.0
0.18446
0.12798
0.0
0.31984
V
234
N
235
233
255
213
D
0.03635
0.77979
0.04495
0.0
0.0
0.13891
V
235
N
236
234
256
214
D
0.16318
0.10006
0.57693
0.0
0.01481
0.0
0.14502
V
236
N
237
235
257
215
D
0.80055
0.19945
V
237
N
238
236
258
216
D
0.03151
0.04776
0.0
0.00113
0.81895
0.09916
0.00149
V
238
N
239
237
259
217
D
0.41531
0.0
0.0
0.1408
0.20041
0.24348
V
239
N
240
238
260
218
D
0.07339
0.0
0.0
0.0
0.0
0.0
0.92661
V
240
N
241
239
261
219
D
0.00901
0.0
0.71799
0.16302
0.10998
V
241
N
242
240
262
220
D
0.37612
0.0
0.47807
0.0
0.0
0.0
0.14581
V
242
N
243
241
263
221
D
0.03789
0.0
0.0
0.0
0.85194
0.0
0.11017
V
243
N
244
242
264
222
D
0.06038
0.57751
0.14281
0.0
0.08634
0.0
0.13296
V
244
N
245
243
265
223
D
0.54169
0.0
0.0
0.0
0.45831
V
245
N
246
244
266
224
D
0.46546
0.0
0.01485
0.0
0.51969
V
246
N
247
245
267
225
D
0.45916
0.202
0.0
0.14604
0.0
0.0
0.1928
V
247
N
248
246
268
226
D
0.48081
0.27902
0.0
0.0
0.0
0.0
0.24017
V
248
N
247
269
227
D
0.11926
0.44556
0.0
0.37864
0.0
0.05418
0.00236
V
251
N
252
272
230
D
0.0892
0.8548
0.03136
0.0
0.0
0.01046
0.01418
V
252
N
251
231
D
0.73418
0.0
0.0
0.0
0.0
0.26582
V
254
N
255
233
D
0.00021
0.22384
0.77588
0.0
0.0
7e-05
V
255
N
256
254
276
234
D
0.03033
0.00551
0.00648
0.0
0.63171
0.00585
0.32012
V
256
N
257
255
277
235
D
0.33533
0.34616
0.0
0.0
0.0
0.00145
0.31706
V
257
N
258
256
278
236
D
0.28182
0.0
0.0
0.00109
0.0
0.71709
V
258
N
259
257
279
237
D
0.26237
0.61069
0.01782
0.02466
0.0
0.08446
V
259
N
260
258
280
238
D
0.14602
0.00515
0.52868
0.0
0.08945
0.2307
V
260
N
261
259
281
239
D
0.61723
0.17426
0.18642
0.0
0.0
0.02209
V
261
N
262
260
282
240
D
0.00976
0.05421
0.0
0.0
0.56346
0.32277
0.0498
V
262
N
263
261
283
241
D
0.1702
0.0
0.0
0.0
0.8298
V
263
N
264
262
284
242
D
0.78261
0.0
0.0
0.1733
0.0
0.04409
V
264
N
265
263
285
243
D
0.22611
0.01002
0.0
0.30234
0.19589
0.0
0.26564
V
265
N
266
264
286
244
D
0.21323
0.74689
0.03988
V
266
N
267
265
287
245
D
0.99986
0.0
0.0
0.00014
V
267
N
268
266
288
246
D
0.83494
0.03572
0.09127
0.00724
0.0
0.03083
V
268
N
269
267
289
247
D
0.04655
0.0
0.0
0.0
0.00236
0.50115
0.44994
V
269
N
270
268
290
248
D
0.05591
0.01595
0.27857
0.1194
0.35002
0.10343
0.07672
V
270
N
271
269
291
D
0.00232
0.03592
0.95996
0.00055
0.0
0.00125
V
271
N
272
270
292
D
0.10065
0.47536
0.0
0.0
0.36544
0.0
0.05855
V
272
N
271
293
251
D
0.28067
0.0
0.51334
0.0
0.05754
0.0
0.14845
V
276
N
277
297
255
D
0.43421
0.0
0.0
0.0
0.22097
0.0
0.34482
V
277
N
278
276
298
256
D
0.00274
0.66842
0.11121
0.07303
0.0
0.01056
0.13404
V
278
N
279
277
299
257
D
0.31384
0.03324
0.0
0.11095
0.0
0.06309
0.47888
V
279
N
280
278
300
258
D
0.0955
0.0
0.86319
0.04131
V
280
N
281
279
301
259
D
0.45966
0.09455
0.0
0.00513
0.30609
0.0
0.13457
V
281
N
282
280
302
260
D
0.32081
0.23213
0.0
0.03324
0.07656
0.0
0.33726
V
282
N
283
281
303
261
D
0.56621
0.0
0.0
0.0
0.0
0.0
0.43379
V
283
N
284
282
304
262
D
0.40289
0.0
0.24183
0.0
0.06873
0.28655
V
284
N
285
283
305
263
D
0.03662
0.0
0.64099
0.0
0.02494
0.12276
0.17469
V
285
N
286
284
306
264
D
0.81648
0.02335
0.08252
0.0093
0.06835
V
286
N
287
285
307
265
D
0.18395
0.10857
0.38954
0.26283
0.05511
V
287
N
288
286
308
266
D
0.082
0.83093
0.0
0.0
0.0
0.0
0.08707
V
288
N
289
287
309
267
D
0.92048
0.0
0.07952
V
289
N
290
288
310
268
D
0.90505
0.0
0.0
0.00602
0.0
0.03443
0.0545
V
290
N
291
289
311
269
D
0.01616
0.02058
0.7544
0.14513
0.0572
0.00653
V
291
N
292
290
312
270
D
0.12477
0.0
0.0
0.66125
0.0
0.20051
0.01347
V
292
N
293
291
313
271
D
0.89435
0.0
0.0
0.10565
V
293
N
292
314
272
D
0.10954
0.09938
0.0
0.08501
0.44092
0.12212
0.14303
V
297
N
298
318
276
D
0.72579
0.0
0.00594
0.01118
0.14373
0.0
0.11336
V
298
N
299
297
319
277
D
0.02661
0.30982
0.03461
0.54576
0.03419
0.04901
V
299
N
300
298
320
278
D
0.14276
0.15705
0.0
0.64269
0.00534
0.05216
V
300
N
301
299
321
279
D
0.23917
0.0
0.0
0.0
0.76083
V
301
N
302
300
322
280
D
0.3687
0.50579
0.0
0.05487
0.0
0.07064
V
302
N
303
301
323
281
D
0.07966
0.55897
0.0
0.0
0.01622
0.34515
V
303
N
304
302
324
282
D
0.26693
0.0
0.1101
0.04845
0.16953
0.19909
0.2059
V
304
N
305
303
325
283
D
0.00638
0.0
0.88613
0.0
0.09355
0.0
0.01394
V
305
N
306
304
326
284
D
0.2504
0.0
0.0
0.0
0.60248
0.0
0.14712
V
306
N
307
305
327
285
D
0.66093
0.0
0.0
0.0
0.0
0.33907
V
307
N
308
306
328
286
D
5e-05
1e-05
0.01373
0.00104
0.06671
0.91846
V
308
N
309
307
329
287
D
0.56994
0.0
0.43006
V
309
N
310
308
330
288
D
0.03067
0.51188
0.35867
0.05014
0.04864
V
310
N
311
309
331
289
D
0.09865
0.03372
0.25946
0.0
0.03087
0.5773
V
311
N
312
310
332
290
D
0.42042
0.01718
0.22908
0.0
0.00077
0.0
0.33255
V
312
N
313
311
333
291
D
0.17607
0.47949
0.0
0.00815
0.05577
0.07677
0.20375
V
313
N
314
312
334
292
D
0.26096
0.09248
0.0
0.0
0.0
0.64656
V
314
N
313
335
293
D
0.44183
0.0
0.3313
0.03593
0.00014
0.04246
0.14834
V
318
N
319
297
D
0.25478
0.71634
0.0
0.02888
V
319
N
320
318
340
298
D
0.00091
0.53263
0.46646
V
320
N
321
319
341
299
D
0.00889
0.8091
0.0
0.12929
0.00575
0.00073
0.04624
V
321
N
322
320
300
D
0.14475
0.0
0.0
0.05359
0.0
0.06036
0.7413
V
322
N
323
321
343
301
D
0.01274
0.0
0.0499
0.92509
0.00175
0.01052
V
323
N
324
322
344
302
D
0.35167
0.0
0.0
0.0
0.0
0.64833
V
324
N
325
323
345
303
D
0.13817
0.0
0.27405
0.0
0.0
0.58778
V
325
N
326
324
346
304
D
0.25567
0.07199
0.01186
0.09558
0.0
0.0
0.5649
V
326
N
327
325
347
305
D
0.08004
0.0
0.47702
0.0
0.0
0.1824
0.26054
V
327
N
328
326
348
306
D
0.10186
0.0
0.0
0.86116
0.0
0.0
0.03698
V
328
N
329
327
349
307
D
0.05187
0.0
0.48231
0.0
0.0
0.0
0.46582
V
329
N
330
328
350
308
D
0.0152
0.25209
0.0
0.0
0.04028
0.13247
0.55996
V
330
N
331
329
351
309
D
0.937
0.0
0.0
0.0
0.063
V
331
N
332
330
352
310
D
0.44691
0.00162
0.33104
0.21748
0.0
0.0
0.00295
V
332
N
333
331
353
311
D
0.4388
0.29809
0.0
0.0
0.20434
0.05877
V
333
N
334
332
354
312
D
0.00734
0.0
0.55053
0.0
0.0
0.38468
0.05745
V
334
N
335
333
355
313
D
0.10994
0.16511
0.0
0.0
0.0
0.72495
V
335
N
334
314
D
0.07666
0.37224
0.13466
0.23296
0.0037
0.00305
0.17673
V
340
N
341
319
D
0.91232
0.0
0.0
0.04563
0.01154
0.03051
V
341
N
340
320
D
0.37176
0.0
0.62824
V
343
N
344
364
322
D
0.16589
0.056
0.0
0.02668
0.75143
V
344
N
345
343
365
323
D
0.17715
0.56197
0.0
0.26088
V
345
N
346
344
366
324
D
0.5871
0.09008
0.0
0.0
0.00697
0.31585
V
346
N
347
345
367
325
D
0.91506
0.00122
0.0
0.03146
8e-05
0.0
0.05218
V
347
N
348
346
368
326
D
0.41271
0.0
0.0
0.0
0.1739
0.41339
V
348
N
349
347
369
327
D
0.74151
0.05713
0.02016
0.00976
0.0
0.0
0.17144
V
349
N
350
348
370
328
D
0.32525
0.0
0.05576
0.36606
0.06188
0.19105
V
350
N
351
349
371
329
D
0.57955
0.0
0.0
0.36453
0.03796
0.01796
V
351
N
352
350
372
330
D
0.32234
0.0538
0.0
0.19378
0.0
0.43008
V
352
N
353
351
373
331
D
0.41298
0.346
0.0
0.14731
0.09371
V
353
N
354
352
374
332
D
0.07274
0.63684
0.15098
0.13944
V
354
N
355
353
333
D
0.02837
0.48258
0.3059
0.0
0.0
0.18315
V
355
N
354
334
D
0.19984
0.25957
0.29732
0.03572
0.01254
0.0
0.19501
V
364
N
365
385
343
D
0.94335
0.00159
0.0
0.0523
0.00157
0.00013
0.00106
V
365
N
366
364
386
344
D
0.85521
0.0
0.0
0.14479
V
366
N
367
365
387
345
D
0.48583
0.0
0.19408
0.0
0.31097
0.0
0.00912
V
367
N
368
366
388
346
D
0.63333
0.02824
0.0
0.0586
0.00569
0.00113
0.27301
V
368
N
369
367
389
347
D
0.49964
0.0
0.0
0.08093
0.14354
0.15165
0.12424
V
369
N
370
368
390
348
D
0.38943
0.0
0.0
0.0
0.44658
0.16399
V
370
N
371
369
391
349
D
0.08788
0.36523
0.04588
0.0
0.50101
V
371
N
372
370
392
350
D
0.43954
0.56046
V
372
N
373
371
393
351
D
0.22022
0.0
0.33791
0.0
0.0
0.44187
V
373
N
374
372
394
352
D
0.25551
0.0
0.0
0.0
0.63876
0.0
0.10573
V
374
N
373
395
353
D
0.00878
0.00798
0.15093
0.0625
0.14728
0.0
0.62253
V
384
N
385
D
0.03546
0.0
0.63157
0.0
0.12492
0.0
0.20805
V
385
N
386
384
406
364
D
0.0005
0.0
0.85781
0.0
0.03056
0.0083
0.10283
V
386
N
387
385
407
365
D
0.13079
0.00613
0.10476
0.0
0.01408
0.74424
V
387
N
388
386
408
366
D
0.92046
0.05855
0.00331
0.01768
V
388
N
389
387
409
367
D
0.16794
0.0
0.0
0.33647
0.26635
0.10154
0.1277
V
389
N
390
388
410
368
D
0.04219
0.0
0.53112
0.27792
0.01189
0.0
0.13688
V
390
N
391
389
411
369
D
0.06433
0.15845
0.06875
0.0
0.0
0.55613
0.15234
V
391
N
392
390
370
D
0.00511
0.69782
0.28789
0.00117
0.00116
0.00685
V
392
N
393
391
371
D
0.00467
0.0
0.0
0.0
0.0
0.99533
V
393
N
394
392
372
D
0.43329
0.02031
0.0
0.5464
V
394
N
395
393
415
373
D
0.47847
0.0
0.0
0.0
0.0
0.04213
0.4794
V
395
N
394
374
D
0.12638
0.0
0.11227
0.3759
0.06876
0.22312
0.09357
V
406
N
407
385
D
0.34835
0.0
0.03852
0.0
0.61313
V
407
N
408
406
386
D
0.11803
0.11486
0.50776
0.00439
0.0
0.0
0.25496
V
408
N
409
407
387
D
0.57023
0.0
0.0
0.0
0.0
0.22685
0.20292
V
409
N
410
408
430
388
D
0.05365
0.0
0.63101
0.0
0.0
0.01456
0.30078
V
410
N
411
409
431
389
D
0.77273
0.0
0.0
0.11417
0.0
0.1131
V
411
N
410
432
390
D
0.0713
0.0
0.01103
0.87186
0.00375
0.04206
V
415
N
394
D
0.18905
0.73444
0.0
0.02354
0.0
0.05297
V
430
N
431
409
D
0.15048
0.0
0.0
0.0
0.13424
0.68769
0.02759
V
431
N
432
430
410
D
0.22247
0.0
0.0
0.0
0.71687
0.06066
V
432
N
431
411
D
0.01747
0.00264
0.77072
0.07833
0.00852
0.0
0.12232
