i_270_9_59_FR_den206d
59
den206d
A
0
5
47
21
A
1
5
30
26
A
2
5
55
55
A
3
5
57
7
A
4
5
59
41
A
5
5
34
57
A
6
5
36
15
A
7
5
42
58
A
8
5
45
12
V
5
N
17
D
0.54565
0.02003
0.00263
0.24241
0.0
0.18928
V
15
N
16
27
D
0.14639
0.72714
0.0
0.01281
0.01426
0.0
0.0994
V
16
N
17
15
28
D
0.03761
0.21266
0.0
0.74973
V
17
N
18
16
29
5
D
0.07109
0.0
0.86073
0.03051
0.03767
V
18
N
19
17
30
D
0.04751
0.36862
0.01974
0.07155
0.01232
0.48026
V
19
N
20
18
31
D
0.22556
0.0
0.75481
0.0
0.00861
0.0
0.01102
V
20
N
19
32
D
0.59131
0.0
0.39527
0.0
0.0
0.0
0.01342
V
22
N
23
34
D
0.2256
0.02402
0.0
0.0
0.0
0.75038
V
23
N
24
22
D
0.29629
0.0
0.42925
0.0
0.0
0.0
0.27446
V
24
N
23
36
D
0.00735
0.17808
0.0
0.01277
0.10169
0.47625
0.22386
V
26
N
27
38
D
0.30181
0.0
0.0
0.06427
0.37089
0.09379
0.16924
V
27
N
28
26
39
15
D
0.1463
0.0
0.36838
0.01367
0.47165
V
28
N
29
27
40
16
D
0.38086
0.0
0.0
0.61914
V
29
N
30
28
41
17
D
0.79776
0.0
0.20224
V
30
N
31
29
42
18
D
0.70775
0.29225
V
31
N
32
30
43
19
D
0.34788
0.0
0.36804
0.0
0.02073
0.26335
V
32
N
31
44
20
D
0.87939
0.0119
0.09366
0.00032
0.00943
0.0
0.0053
V
34
N
46
22
D
0.03068
0.38714
0.36275
0.0
0.21943
V
36
N
48
24
D
0.79337
0.0
0.01567
0.0
0.0
0.0
0.19096
V
38
N
39
50
26
D
0.01708
0.0
0.01036
0.52334
0.0057
0.0
0.44352
V
39
N
40
38
51
27
D
0.68124
0.0
0.0287
0.26372
0.0
0.0
0.02634
V
40
N
41
39
52
28
D
0.47498
0.0
0.0
0.04207
0.48295
V
41
N
42
40
53
29
D
0.0312
0.23415
0.0
0.68309
0.0
0.01332
0.03824
V
42
N
43
41
54
30
D
0.21301
0.05378
0.0
0.73321
V
43
N
44
42
55
31
D
0.0437
0.0
0.64325
0.31305
V
44
N
45
43
56
32
D
0.06908
0.55333
0.25537
0.0
0.11871
0.0
0.00351
V
45
N
46
44
57
D
0.58701
0.41299
V
46
N
45
58
34
D
0.14763
0.0
0.11207
0.01307
0.51731
0.0
0.20992
V
48
N
60
36
D
0.64856
0.0
0.0
0.0
0.01142
0.34002
V
50
N
51
38
D
0.50044
0.2243
0.0
0.0
0.0
0.27526
V
51
N
52
50
63
39
D
0.29454
0.0
0.0
0.0
0.70546
V
52
N
53
51
64
40
D
0.05121
0.01097
0.0
0.93782
V
53
N
54
52
65
41
D
0.218
0.0
0.0
0.2727
0.0
0.04287
0.46643
V
54
N
55
53
66
42
D
0.66889
0.0699
0.0
0.2442
0.01701
V
55
N
56
54
67
43
D
0.62262
0.01129
0.0
0.00745
0.00645
0.0
0.35219
V
56
N
57
55
68
44
D
0.19424
0.0
0.0
0.0
0.0
0.0
0.80576
V
57
N
58
56
45
D
0.15951
0.02527
0.17482
0.0
0.5941
0.0463
V
58
N
57
70
46
D
0.46551
0.0
0.02734
0.0
0.0
0.0
0.50715
V
60
N
72
48
D
0.42372
0.0
0.0
0.0
0.0
0.39643
0.17985
V
63
N
64
75
51
D
0.25638
0.0
0.03304
0.71058
V
64
N
65
63
52
D
0.34506
0.27639
0.37855
V
65
N
66
64
53
D
0.25969
0.04029
0.29342
0.0
0.0
0.0
0.4066
V
66
N
67
65
54
D
0.90492
0.00979
0.0
0.01243
0.05961
0.01215
0.0011
V
67
N
68
66
55
D
0.35833
0.64167
V
68
N
67
56
D
0.00539
0.08036
0.0
0.0
0.0
0.34849
0.56576
V
70
N
82
58
D
0.04677
0.07504
0.0
0.0
0.0
0.0
0.87819
V
72
N
84
60
D
0.5199
0.39305
0.0
0.0
0.08705
V
75
N
87
63
D
0.42325
0.02042
0.05082
0.49848
0.00047
0.00656
V
82
N
70
D
0.15043
0.67256
0.0
0.17701
V
84
N
96
72
D
0.00694
0.97982
0.0
0.00398
0.0
0.00926
V
86
N
87
D
0.16196
0.0
0.0
0.0
0.0
0.83804
V
87
N
88
86
99
75
D
0.23392
0.0
0.0
0.55279
0.0
0.21329
V
88
N
89
87
D
0.31735
0.06392
0.13225
0.16689
0.0
0.0
0.31959
V
89
N
90
88
D
0.72573
0.0
0.03838
0.0
0.23589
V
90
N
91
89
D
0.04383
0.19596
0.0
0.02049
0.0
0.0
0.73972
V
91
N
92
90
103
D
0.15458
0.32606
0.0
0.51936
V
92
N
91
D
0.01334
0.81025
0.0
0.0
0.08172
0.09469
V
96
N
84
D
0.43025
0.0
0.0
0.28542
0.2185
0.0
0.06583
V
99
N
111
87
D
0.06074
0.0
0.44168
0.00612
0.22087
0.27059
V
103
N
115
91
D
0.02859
0.0
0.0
0.18298
0.0138
0.77463
V
111
N
112
123
99
D
0.0059
0.0
0.39274
0.05859
0.54277
V
112
N
111
124
D
0.72757
0.0
0.0
0.16553
0.0
0.06736
0.03954
V
114
N
115
D
0.78113
0.15187
0.01173
0.0
0.0
0.0
0.05527
V
115
N
116
114
127
103
D
0.30557
0.69443
V
116
N
117
115
128
D
0.01066
0.19979
0.11309
0.00263
0.63269
0.04114
V
117
N
118
116
129
D
0.1793
0.01137
0.00622
0.0487
0.74979
0.00462
V
118
N
117
130
D
0.22249
0.0
0.0
0.14178
0.29036
0.0
0.34537
V
122
N
123
134
D
0.08847
0.01927
0.0
0.81676
0.0
0.03476
0.04074
V
123
N
124
122
135
111
D
0.02247
0.0
0.0199
0.0
0.95763
V
124
N
123
136
112
D
0.01722
0.0
0.59285
0.06846
0.30614
0.0
0.01533
V
127
N
128
139
115
D
0.27312
0.0
0.34879
0.31635
0.0
0.0
0.06174
V
128
N
129
127
140
116
D
0.11791
0.23037
0.0
0.56828
0.0
0.0139
0.06954
V
129
N
130
128
141
117
D
0.45775
0.0
0.0
0.0
0.54225
V
130
N
131
129
142
118
D
0.98763
0.0
0.0
0.01237
V
131
N
132
130
143
D
0.31944
0.21639
0.44073
0.02344
V
132
N
131
144
D
0.20351
0.08023
0.0
0.0
0.19232
0.4739
0.05004
V
134
N
135
122
D
0.25184
0.12011
0.0
0.62805
V
135
N
136
134
147
123
D
0.60407
0.0
0.35347
0.0
0.04076
0.0017
V
136
N
135
124
D
0.07167
0.19098
0.0
0.70545
0.01334
0.00697
0.01159
V
139
N
140
127
D
0.39074
0.0
0.02312
0.0
0.50856
0.0
0.07758
V
140
N
141
139
128
D
0.05959
0.0
6e-05
0.03013
0.88316
0.02706
V
141
N
142
140
153
129
D
0.88428
0.0
0.0
0.05596
0.0
0.0
0.05976
V
142
N
143
141
154
130
D
0.45167
0.0
0.0
0.15116
0.39717
V
143
N
144
142
155
131
D
0.22004
0.26992
0.00063
0.0
0.31193
0.0
0.19748
V
144
N
143
132
D
0.29948
0.0
0.0
0.28777
0.23596
0.17679
V
147
N
135
D
0.37554
0.49033
0.0
0.0
0.0
0.0
0.13413
V
153
N
154
141
D
0.32112
0.0
0.0
0.0
0.21836
0.46052
V
154
N
155
153
142
D
0.1259
0.80342
0.0
0.0
0.05219
0.01849
V
155
N
154
167
143
D
0.72331
0.0
0.0
0.17068
0.0
0.00358
0.10243
V
167
N
179
155
D
0.3847
0.20313
0.38523
0.0
0.0
0.02694
V
179
N
191
167
D
0.02205
0.0
0.56355
0.0
0.41228
0.00212
V
191
N
203
179
D
0.07855
0.61706
0.0
0.059
0.0
0.0
0.24539
V
203
N
215
191
D
0.00526
0.0
0.0
0.98377
0.0
0.00072
0.01025
V
215
N
227
203
D
0.14808
0.09733
0.75459
V
227
N
239
215
D
0.44354
0.0
0.08156
0.12793
0.0
0.0
0.34697
V
239
N
251
227
D
0.65535
0.0
0.0
0.0
0.0
0.0
0.34465
V
251
N
263
239
D
0.42217
0.03193
0.451
0.0
0.0
0.0949
V
263
N
275
251
D
0.04785
0.01994
0.09076
0.19789
0.0
0.57402
0.06954
V
275
N
287
263
D
0.17343
0.17309
0.11691
0.41025
0.0
0.0
0.12632
V
287
N
299
275
D
0.06919
0.41618
0.26931
0.0
0.0
0.0
0.24532
V
299
N
311
287
D
0.30263
0.69737
V
311
N
323
299
D
0.1945
0.0
0.46675
0.0
0.0
0.0
0.33875
V
323
N
335
311
D
0.54707
0.03678
0.0
0.0
0.12957
0.28658
V
335
N
347
323
D
0.42258
0.0
0.0
0.0
0.57742
V
338
N
350
D
0.0441
0.0
0.19674
0.0
0.25083
0.0967
0.41163
V
340
N
341
352
D
0.34498
0.0
0.00411
0.05411
0.0
0.5968
V
341
N
340
353
D
0.23414
0.0
0.0
0.0
0.11277
0.0
0.65309
V
343
N
355
D
0.18969
0.07623
0.50346
0.23062
V
345
N
357
D
0.18485
0.0
0.03013
0.769
0.0
0.0
0.01602
V
347
N
348
359
335
D
0.41756
0.0
0.0
0.57316
0.0
0.0
0.00928
V
348
N
347
360
D
0.55359
0.0
0.44631
0.0
0.0001
V
350
N
351
362
338
D
0.06523
0.78973
0.07978
0.03241
0.0
0.0
0.03285
V
351
N
352
350
363
D
0.20429
0.68815
0.0
0.0237
0.08386
V
352
N
353
351
364
340
D
0.61511
0.0
0.0
0.0
0.0
0.38489
V
353
N
354
352
365
341
D
0.34931
0.0
0.60988
0.04081
V
354
N
355
353
366
D
0.51704
0.0
0.0
0.42706
0.0
0.0
0.0559
V
355
N
356
354
367
343
D
0.3663
0.0
0.02766
0.0
0.31484
0.2912
V
356
N
357
355
368
D
0.0823
0.00171
0.0
0.74903
0.0
0.0
0.16696
V
357
N
358
356
369
345
D
0.05428
0.78019
0.0
0.0
0.16553
V
358
N
359
357
370
D
0.07946
0.0
0.0
0.02537
0.0
0.26901
0.62616
V
359
N
360
358
371
347
D
0.21596
0.04848
0.0
0.20675
0.41638
0.0
0.11243
V
360
N
359
372
348
D
0.59079
0.27432
0.10055
0.01638
0.0
0.0
0.01796
V
362
N
363
350
D
0.02106
0.03571
0.00711
0.07991
0.05389
0.80232
V
363
N
364
362
375
351
D
0.53952
0.0
0.00292
0.00601
0.0
0.44187
0.00968
V
364
N
365
363
376
352
D
0.06383
0.0
0.0
0.93617
V
365
N
366
364
377
353
D
0.12796
0.0
0.00565
0.74444
0.0
0.0
0.12195
V
366
N
367
365
378
354
D
0.00797
0.01998
0.03728
0.0
0.09279
0.00108
0.8409
V
367
N
368
366
379
355
D
0.32048
0.26753
0.0
0.0
0.0
0.21815
0.19384
V
368
N
369
367
380
356
D
0.2487
0.12487
0.31698
0.07066
0.23879
V
369
N
370
368
381
357
D
0.13277
0.57033
0.0
0.0
0.0
0.17523
0.12167
V
370
N
371
369
382
358
D
0.00572
0.03139
0.02472
0.12136
0.76421
0.0
0.0526
V
371
N
372
370
383
359
D
0.04998
0.0
0.0
0.0
0.0
0.23016
0.71986
V
372
N
371
384
360
D
0.05791
0.05971
0.06197
0.02673
0.79368
V
375
N
376
387
363
D
0.60646
0.20623
0.0
0.07988
0.0
0.10743
V
376
N
377
375
388
364
D
0.00995
0.01156
0.02611
0.887
0.0
0.02833
0.03705
V
377
N
378
376
389
365
D
0.84939
0.02727
0.12334
V
378
N
379
377
390
366
D
0.06006
0.17535
0.19842
0.0
0.01167
0.48289
0.07161
V
379
N
380
378
391
367
D
0.00758
0.0
0.0
0.02271
0.0
0.92794
0.04177
V
380
N
381
379
368
D
0.24581
0.00744
0.17581
0.0
0.54854
0.0224
V
381
N
382
380
393
369
D
0.13757
0.48537
0.37706
V
382
N
383
381
394
370
D
0.36618
0.0
0.35056
0.00497
0.20063
0.07766
V
383
N
384
382
395
371
D
0.06076
0.0
0.17528
0.0
0.00184
0.33166
0.43046
V
384
N
383
372
D
0.71506
0.0
0.28494
V
387
N
388
399
375
D
0.14362
0.0
0.0
0.0
0.0
0.56008
0.2963
V
388
N
389
387
376
D
0.42894
0.0
0.0
0.0
0.0
0.0
0.57106
V
389
N
390
388
377
D
0.80666
0.0032
0.0115
0.02765
0.10634
0.02494
0.01971
V
390
N
391
389
378
D
0.01659
0.1079
0.0
0.0
0.07712
0.46089
0.3375
V
391
N
390
379
D
0.56728
0.0
0.0
0.0
0.0
0.0
0.43272
V
393
N
394
381
D
0.41962
0.0
0.0
0.0
0.32059
0.0
0.25979
V
394
N
395
393
382
D
0.05571
0.0
0.0
0.04376
0.48053
0.0
0.42
V
395
N
394
407
383
D
0.0022
0.0
0.06183
0.00014
0.23473
0.0
0.7011
V
399
N
411
387
D
0.01693
0.0
0.40947
0.24867
0.00437
0.30954
0.01102
V
407
N
419
395
D
0.0257
0.73818
0.02545
0.08654
0.02377
0.0
0.10036
V
410
N
411
422
D
0.53027
0.46973
V
411
N
412
410
423
399
D
0.51247
0.00635
0.0
0.0
0.0
0.24115
0.24003
V
412
N
411
424
D
5e-05
0.97538
0.00236
0.0
0.00039
0.00016
0.02166
V
415
N
427
D
0.21271
0.04824
0.0
0.05247
0.34742
0.0
0.33916
V
418
N
419
430
D
0.08204
0.05663
0.18141
0.07361
0.0
0.0
0.60631
V
419
N
420
418
431
407
D
0.27245
0.00259
0.19042
0.10594
0.0
0.4286
V
420
N
419
432
D
0.50462
0.47625
0.00739
0.0
0.0
0.0
0.01174
V
422
N
423
434
410
D
0.41265
0.0
0.0
0.58735
V
423
N
424
422
435
411
D
0.64958
0.0
0.35042
V
424
N
425
423
436
412
D
0.95283
0.0
0.0
0.0
0.0
0.0
0.04717
V
425
N
426
424
437
D
0.31857
0.0
0.0
0.0
0.00606
0.67537
V
426
N
427
425
438
D
0.21366
0.08081
0.23958
0.1085
0.29931
0.05814
V
427
N
428
426
439
415
D
0.17654
0.0
0.59733
0.10125
0.12488
V
428
N
429
427
440
D
0.5561
0.4439
V
429
N
430
428
441
D
0.02648
0.05019
0.21383
0.0
0.7095
V
430
N
431
429
442
418
D
0.79324
0.20676
V
431
N
432
430
443
419
D
0.87344
0.0
0.0
0.0231
0.0
0.0
0.10346
V
432
N
431
444
420
D
0.00119
0.60839
0.0009
0.00743
0.3814
0.00069
V
434
N
435
446
422
D
0.14603
0.15394
0.0
0.0
0.70003
V
435
N
436
434
423
D
0.83454
0.0
0.05867
0.0
0.0
0.0
0.10679
V
436
N
437
435
424
D
0.6008
0.0
0.0
0.0
0.0
0.0
0.3992
V
437
N
438
436
425
D
0.19393
0.0
0.01847
0.07554
0.0
0.0
0.71206
V
438
N
439
437
426
D
0.05102
0.025
0.57802
0.0
0.10787
0.17051
0.06758
V
439
N
440
438
427
D
0.20492
0.19506
0.0
0.38187
0.21815
V
440
N
441
439
428
D
0.43792
0.33804
0.0
0.0
0.18086
0.0
0.04318
V
441
N
442
440
429
D
0.39236
0.0
0.0
0.0
0.37769
0.22995
V
442
N
443
441
430
D
0.66076
0.08357
0.0
0.0
0.25567
V
443
N
444
442
431
D
0.18155
0.06718
0.0
0.0
0.0
0.75127
V
444
N
443
456
432
D
0.84581
0.11751
0.02772
0.0
0.00896
V
446
N
458
434
D
0.48061
0.42951
0.0
0.0
0.08988
V
456
N
468
444
D
0.1969
0.56864
0.0
0.0
0.0
0.20788
0.02658
V
458
N
459
470
446
D
0.49002
0.09468
0.12723
0.28807
V
459
N
458
471
D
0.46451
0.0
0.06139
0.0
0.0
0.01074
0.46336
V
463
N
464
475
D
0.06005
0.27224
0.0
0.0
0.66771
V
464
N
465
463
476
D
0.04342
0.04963
0.0
0.0
0.77518
0.05458
0.07719
V
465
N
464
477
D
0.36667
0.0
0.0079
0.03765
0.0
0.48668
0.1011
V
468
N
480
456
D
0.30465
0.0
0.27614
0.01484
0.0
0.22499
0.17938
V
470
N
471
482
458
D
0.00115
0.0
0.0
0.0699
0.00147
0.00776
0.91972
V
471
N
472
470
483
459
D
0.42154
0.0
0.0
0.0
0.09024
0.0
0.48822
V
472
N
473
471
484
D
0.15436
0.77014
0.0
0.0
0.05767
0.01783
V
473
N
474
472
485
D
0.31168
0.04383
0.05031
0.42509
0.0
0.16909
V
474
N
475
473
486
D
0.62395
0.00679
0.0
0.24335
0.12591
V
475
N
476
474
487
463
D
0.18144
0.00241
0.0
0.57814
0.10943
0.11544
0.01314
V
476
N
477
475
488
464
D
0.04317
0.34755
0.02811
0.40875
0.06349
0.0
0.10893
V
477
N
478
476
489
465
D
0.10318
0.01316
0.18058
0.20841
0.0
0.49467
V
478
N
479
477
490
D
0.32633
0.0
0.00268
0.39575
0.0
0.0
0.27524
V
479
N
480
478
491
D
0.04621
0.0
0.00556
0.93802
0.0
0.01002
0.00019
V
480
N
479
492
468
D
0.06444
0.40879
0.36151
0.05866
0.0
0.0
0.1066
V
482
N
483
494
470
D
0.61176
0.08903
0.16469
0.0
0.0
0.01763
0.11689
V
483
N
484
482
495
471
D
0.12606
0.00029
0.0
0.00614
0.01112
0.0
0.85639
V
484
N
485
483
496
472
D
0.0101
0.0
0.79226
0.18847
0.00917
V
485
N
486
484
497
473
D
0.30241
0.40213
0.0
0.29546
V
486
N
487
485
498
474
D
0.4812
0.0
0.07382
0.13918
0.04667
0.25913
V
487
N
488
486
499
475
D
0.11003
0.03497
0.02671
0.05634
0.25583
0.51612
V
488
N
489
487
500
476
D
0.09068
0.0
0.69418
0.08648
0.0
0.0
0.12866
V
489
N
490
488
501
477
D
0.49444
0.0
0.0
0.50556
V
490
N
491
489
502
478
D
0.09311
0.0
0.13011
0.01399
0.00762
0.75517
V
491
N
492
490
503
479
D
0.67298
0.32702
V
492
N
491
504
480
D
0.06362
0.06312
0.79207
0.04106
0.0
0.0
0.04013
V
494
N
495
506
482
D
0.75818
0.0
0.0
0.15288
0.0
0.00799
0.08095
V
495
N
496
494
507
483
D
1e-05
0.17409
3e-05
0.00251
0.13791
0.00152
0.68393
V
496
N
497
495
508
484
D
0.00331
0.06465
0.07472
0.05216
0.07464
0.73052
V
497
N
498
496
509
485
D
0.31502
0.0
0.06442
0.43501
0.12623
0.05932
V
498
N
499
497
510
486
D
0.92549
0.07451
V
499
N
500
498
511
487
D
0.1594
0.0
0.78814
0.0
0.0
0.01629
0.03617
V
500
N
501
499
512
488
D
0.00588
0.23648
0.0
0.0672
0.57434
0.03945
0.07665
V
501
N
502
500
513
489
D
0.04385
0.01786
0.08204
0.62338
0.01888
0.21399
V
502
N
503
501
514
490
D
0.02182
0.0
0.01551
0.0
0.48456
0.47811
V
503
N
504
502
515
491
D
0.17298
0.1991
0.13171
0.19456
0.10709
0.19456
V
504
N
503
516
492
D
0.16554
0.0
0.0
0.83446
V
506
N
507
518
494
D
0.05965
0.0
0.0
0.88236
0.0
0.0
0.05799
V
507
N
508
506
519
495
D
0.01973
0.75156
0.00952
0.21919
V
508
N
509
507
520
496
D
0.07657
0.24071
0.1262
0.03929
0.37589
0.14134
V
509
N
510
508
521
497
D
0.98451
0.0
0.0
0.01549
V
510
N
511
509
522
498
D
0.29312
0.0
0.10056
0.0
0.60632
V
511
N
512
510
523
499
D
0.01002
0.74469
0.0
0.08819
0.0
0.09002
0.06708
V
512
N
513
511
524
500
D
0.12732
0.28948
0.03923
0.00241
0.54156
V
513
N
514
512
525
501
D
0.08249
0.91751
V
514
N
515
513
526
502
D
0.33137
0.0
0.66863
V
515
N
516
514
527
503
D
0.04957
0.13335
0.35322
0.0
0.0
0.2995
0.16436
V
516
N
515
528
504
D
0.01576
0.98424
V
518
N
519
530
506
D
0.98517
0.0
0.00202
0.0
0.01281
V
519
N
520
518
531
507
D
0.07045
0.0
0.0
0.17763
0.0
0.69029
0.06163
V
520
N
521
519
532
508
D
0.01655
0.0
0.47039
0.00421
0.48003
0.01069
0.01813
V
521
N
522
520
533
509
D
0.11018
0.0
0.16768
0.0
0.0
0.68302
0.03912
V
522
N
523
521
534
510
D
0.56466
0.16498
0.0
0.06999
0.02073
0.0
0.17964
V
523
N
524
522
535
511
D
0.8929
0.1071
V
524
N
525
523
536
512
D
0.01679
0.0
0.0
0.0
0.0
0.0021
0.98111
V
525
N
526
524
537
513
D
0.08502
0.01909
0.21599
0.12877
0.0
0.0
0.55113
V
526
N
527
525
538
514
D
0.11308
0.42135
0.17701
0.0
0.0
0.0
0.28856
V
527
N
528
526
539
515
D
0.06869
0.64675
0.0
0.06575
0.0
0.14538
0.07343
V
528
N
527
540
516
D
0.02839
0.0
0.0
0.0
0.03913
0.0
0.93248
V
530
N
531
518
D
0.00655
0.0
0.0
0.0
0.92889
0.06332
0.00124
V
531
N
532
530
543
519
D
0.35901
0.05214
0.0
0.49905
0.0
0.05572
0.03408
V
532
N
533
531
520
D
0.21061
0.0
0.0
0.78939
V
533
N
534
532
521
D
0.01557
0.10867
0.27233
0.0
0.20447
0.39742
0.00154
V
534
N
535
533
522
D
0.06985
0.0
0.04195
0.76992
0.09227
0.0
0.02601
V
535
N
536
534
547
523
D
0.00932
0.6474
0.00738
0.0
0.0802
0.2557
V
536
N
537
535
548
524
D
0.08168
0.43923
0.03954
0.0
0.0
0.43955
V
537
N
538
536
549
525
D
0.23205
0.0
0.07476
0.11626
0.00082
0.08141
0.4947
V
538
N
539
537
550
526
D
0.62051
0.00966
0.0
0.02572
0.01537
0.32874
V
539
N
540
538
551
527
D
0.06558
0.47296
0.07856
0.0
0.28284
0.10006
V
540
N
539
552
528
D
0.20549
0.5449
0.0
0.0
0.24961
V
543
N
531
D
0.934
0.066
V
547
N
548
559
535
D
0.29002
0.3696
0.01599
0.0
0.0
0.04872
0.27567
V
548
N
549
547
560
536
D
0.29528
0.0
0.55173
0.0
0.02791
0.1222
0.00288
V
549
N
550
548
561
537
D
0.91915
0.0
0.08085
V
550
N
551
549
562
538
D
0.66342
0.0
0.0
0.33658
V
551
N
552
550
563
539
D
0.13549
0.7401
0.01584
0.0
0.10857
V
552
N
551
540
D
0.09343
0.0
0.0
0.00333
0.75546
0.00765
0.14013
V
559
N
560
547
D
0.06979
0.0
0.07728
0.10528
0.00342
0.74423
V
560
N
561
559
548
D
0.01726
0.0
0.0
0.0
0.15509
0.04638
0.78127
V
561
N
562
560
549
D
0.03126
0.00388
0.44334
0.02878
0.01352
0.47922
V
562
N
563
561
550
D
0.63747
0.22883
0.06979
0.0534
0.01051
V
563
N
562
551
D
0.80107
0.0
0.18387
0.01506
