i_279_4_42_FR_ost004d
42
ost004d
A
0
48
39
6
A
1
48
39
30
A
2
48
35
4
A
3
48
23
15
V
48
N
49
69
D
0.20173
0.71062
0.06234
0.02157
0.0
0.0
0.00374
V
49
N
50
48
70
D
0.48306
0.00191
0.15221
0.0
0.35511
0.00698
0.00073
V
50
N
51
49
71
D
0.66847
0.0
0.0
0.1351
0.0
0.0
0.19643
V
51
N
50
D
0.03511
0.0
0.20826
0.0
0.65687
0.02014
0.07962
V
56
N
57
77
D
0.71212
0.0
0.0
0.0
0.0
0.0
0.28788
V
57
N
58
56
78
D
0.19832
0.18565
0.18335
0.01491
0.0816
0.33617
V
58
N
57
79
D
0.59049
0.11033
0.0
0.26341
0.0
0.03485
0.00092
V
68
N
69
D
0.7619
0.0
0.0
0.0
0.0
0.0
0.2381
V
69
N
70
68
90
48
D
0.03709
0.0
0.0
0.58642
0.0
0.0
0.37649
V
70
N
71
69
91
49
D
0.27162
0.51726
0.0
0.0
0.0
0.14298
0.06814
V
71
N
70
92
50
D
0.92508
0.0
0.0
0.0
0.0
0.07492
V
73
N
74
94
D
0.10814
0.38748
0.0
0.18102
0.32336
V
74
N
75
73
95
D
0.05899
0.76518
0.0
0.0
0.0
0.17583
V
75
N
76
74
96
D
0.53136
0.0
0.0
0.0
0.0
0.46864
V
76
N
77
75
97
D
0.29742
0.0
0.0
0.0
0.70258
V
77
N
78
76
98
56
D
0.09354
0.0
0.09323
0.12325
0.68998
V
78
N
79
77
99
57
D
0.15724
0.0
0.77685
0.0
0.06591
V
79
N
80
78
100
58
D
0.41133
0.0
0.0
0.58867
V
80
N
79
101
D
0.89231
0.0
0.0
0.0
0.10769
V
90
N
91
69
D
0.13016
0.0359
0.0
0.55407
0.24958
0.03029
V
91
N
92
90
70
D
0.02338
0.03255
0.39681
0.0
0.54726
V
92
N
93
91
113
71
D
0.31912
0.0
0.35054
0.0
0.03353
0.29681
V
93
N
94
92
114
D
0.38587
0.0
0.01804
0.13047
0.26035
0.0
0.20527
V
94
N
95
93
115
73
D
0.31088
0.0
0.0
0.0
0.0102
0.67892
V
95
N
96
94
116
74
D
0.55149
0.0
0.44851
V
96
N
97
95
117
75
D
0.79246
0.0
0.00923
0.17338
0.0
0.02493
V
97
N
98
96
118
76
D
0.04045
0.0
0.0
0.02843
0.93112
V
98
N
99
97
119
77
D
0.27002
0.0
0.0
0.0
0.0
0.03279
0.69719
V
99
N
100
98
120
78
D
0.74549
0.0
0.0
0.0
0.20725
0.04726
V
100
N
101
99
121
79
D
0.06028
0.00765
0.0
0.7255
0.0
0.0
0.20657
V
101
N
102
100
122
80
D
0.2623
0.0
0.0
0.7377
V
102
N
101
123
D
0.37026
0.00381
0.0
0.00537
0.61179
0.0
0.00877
V
109
N
130
D
0.69052
0.0
0.0
0.0
0.0
0.29286
0.01662
V
113
N
114
134
92
D
0.15588
0.0
0.04807
0.44714
0.0
0.0
0.34891
V
114
N
115
113
135
93
D
0.01313
0.0
0.81991
0.0
0.00453
0.0
0.16243
V
115
N
116
114
136
94
D
0.57182
0.0
0.0
0.42818
V
116
N
117
115
137
95
D
0.13682
0.0
0.40584
0.10995
0.0
0.34739
V
117
N
118
116
138
96
D
0.35511
0.64489
V
118
N
119
117
139
97
D
0.10219
0.05976
0.67592
0.0
0.14826
0.01387
V
119
N
120
118
140
98
D
0.67013
0.0
0.0
0.0
0.0
0.0
0.32987
V
120
N
121
119
141
99
D
0.51417
0.34437
0.0
0.0
0.02452
0.01313
0.10381
V
121
N
122
120
142
100
D
0.88667
0.0
0.03437
0.03182
0.0
0.00576
0.04138
V
122
N
123
121
143
101
D
0.17059
0.0
0.0
0.19984
0.56242
0.06176
0.00539
V
123
N
124
122
144
102
D
0.32017
0.67983
V
124
N
123
145
D
0.17492
0.38082
0.05246
0.0
0.0
0.0
0.3918
V
129
N
130
150
D
0.50061
0.0
0.0
0.0
0.0
0.49939
V
130
N
131
129
151
109
D
0.13745
0.86255
V
131
N
132
130
152
D
0.28262
0.60733
0.01856
0.0
0.04315
0.00086
0.04748
V
132
N
133
131
153
D
0.54931
0.05557
0.0
0.0
0.0
0.39512
V
133
N
134
132
154
D
0.01019
0.0
0.69985
0.22355
0.0
0.05094
0.01547
V
134
N
135
133
155
113
D
0.72809
0.0
0.27191
V
135
N
136
134
156
114
D
0.58855
0.41145
V
136
N
137
135
157
115
D
0.10836
0.0
0.0
0.0
0.89164
V
137
N
138
136
158
116
D
0.7546
0.03608
0.0
0.0
0.0
0.20932
V
138
N
139
137
159
117
D
0.25238
0.0
0.59172
0.03624
0.0
0.11966
V
139
N
140
138
160
118
D
0.31821
0.0
0.0
0.1515
0.0
0.18907
0.34122
V
140
N
141
139
161
119
D
0.45145
0.0
0.0
0.0
0.0
0.54855
V
141
N
142
140
162
120
D
0.29675
0.0
0.0
0.0
0.0
0.0
0.70325
V
142
N
143
141
163
121
D
0.48892
0.28179
0.13415
0.0
0.0
0.09514
V
143
N
144
142
164
122
D
0.00037
0.0788
0.1261
0.43512
0.0
0.35961
V
144
N
145
143
165
123
D
0.16963
0.0
0.0
0.0
0.05484
0.77553
V
145
N
146
144
166
124
D
0.51955
0.0
0.39498
0.07037
0.0
0.0151
V
146
N
145
167
D
0.05765
0.19387
0.0
0.0
0.36674
0.34964
0.0321
V
150
N
151
171
129
D
0.4776
0.0
0.0
0.18978
0.33262
V
151
N
152
150
172
130
D
0.7288
0.0
0.02099
0.0
0.24629
0.0
0.00392
V
152
N
153
151
173
131
D
0.92016
0.07984
V
153
N
154
152
174
132
D
0.18232
0.81768
V
154
N
155
153
175
133
D
0.01012
0.14654
0.34353
0.00535
0.40841
0.03797
0.04808
V
155
N
156
154
176
134
D
0.25155
0.14115
0.0
0.0
0.46502
0.12314
0.01914
V
156
N
157
155
177
135
D
0.89118
0.0
0.0
0.05402
0.0
0.0
0.0548
V
157
N
158
156
178
136
D
0.01366
0.03768
0.94822
0.0
0.0
0.00044
V
158
N
159
157
179
137
D
0.93346
0.0
0.02524
0.0186
0.015
0.0
0.0077
V
159
N
160
158
180
138
D
0.00443
0.0
0.0
0.0
0.0
0.0
0.99557
V
160
N
161
159
181
139
D
0.59296
0.0
0.2479
0.0
0.0
0.15914
V
161
N
162
160
182
140
D
0.753
0.0
0.0
0.05089
0.0
0.08216
0.11395
V
162
N
163
161
183
141
D
0.53865
0.0
0.0
0.0
0.0
0.0
0.46135
V
163
N
164
162
184
142
D
0.00182
0.0
0.0
0.6539
0.01654
0.0
0.32774
V
164
N
165
163
185
143
D
0.01856
0.0
0.0
0.01771
0.6236
0.0
0.34013
V
165
N
166
164
186
144
D
0.21962
0.0
0.0
0.54759
0.09234
0.0992
0.04125
V
166
N
167
165
187
145
D
0.98857
0.00313
0.00329
0.00051
0.0
0.0045
V
167
N
166
146
D
0.00677
0.66823
0.0
0.0
0.32161
0.0
0.00339
V
171
N
172
192
150
D
0.00098
0.0
0.0
0.0
0.82327
0.17575
V
172
N
173
171
193
151
D
0.51285
0.0
0.13811
0.0
0.24932
0.0
0.09972
V
173
N
174
172
194
152
D
0.0311
0.0077
0.00511
0.0
0.0
0.00675
0.94934
V
174
N
175
173
195
153
D
0.09221
0.14534
0.0
0.0
0.19821
0.56424
V
175
N
176
174
196
154
D
0.61709
0.27889
0.0
0.0
0.04717
0.05685
V
176
N
177
175
197
155
D
0.02524
0.0
0.01869
0.0
0.95607
V
177
N
178
176
198
156
D
0.05325
0.0
0.0
0.0
0.22087
0.72588
V
178
N
179
177
199
157
D
0.32397
0.3423
0.33373
V
179
N
180
178
200
158
D
0.02013
0.0
0.97987
V
180
N
181
179
201
159
D
0.02991
0.15008
0.11475
0.25758
0.1144
0.06158
0.2717
V
181
N
182
180
202
160
D
0.07368
0.2334
0.0
0.0
0.01591
0.05648
0.62053
V
182
N
183
181
203
161
D
0.17259
0.76858
0.0
0.0
0.0
0.0
0.05883
V
183
N
184
182
204
162
D
0.00722
0.0
0.0029
0.0
0.02677
0.9461
0.01701
V
184
N
185
183
205
163
D
0.01795
0.0
0.055
0.00281
0.21228
0.0
0.71196
V
185
N
186
184
206
164
D
0.50146
0.32158
0.0
0.17696
V
186
N
187
185
207
165
D
0.39543
0.0
0.10952
0.20746
0.02795
0.25964
V
187
N
186
208
166
D
0.3144
0.0
0.67798
0.0
0.0
0.0
0.00762
V
191
N
192
212
D
0.3001
0.56118
0.0
0.0
0.13872
V
192
N
193
191
213
171
D
0.30725
0.05722
0.14803
0.0
0.0
0.0
0.4875
V
193
N
194
192
214
172
D
0.70682
0.0
0.00462
0.03248
0.20456
0.05144
8e-05
V
194
N
195
193
215
173
D
0.32333
0.67667
V
195
N
196
194
216
174
D
0.09724
0.12194
0.29705
0.0
0.00398
0.37417
0.10562
V
196
N
197
195
217
175
D
0.06738
0.00168
0.0
0.03362
0.00861
0.86913
0.01958
V
197
N
198
196
218
176
D
0.06038
0.0
0.0
0.0
0.14247
0.60076
0.19639
V
198
N
199
197
219
177
D
0.10035
0.0
0.15165
0.0
0.23912
0.0
0.50888
V
199
N
200
198
220
178
D
0.00278
0.01254
0.0
0.0359
0.0
0.9464
0.00238
V
200
N
201
199
221
179
D
0.46745
0.14915
0.00661
0.0
0.24006
0.0
0.13673
V
201
N
202
200
222
180
D
0.52388
0.0
0.0
0.0
0.0
0.12391
0.35221
V
202
N
203
201
223
181
D
0.37003
0.40398
0.0
0.14108
0.00522
0.0
0.07969
V
203
N
204
202
224
182
D
0.49608
0.0
0.06017
0.33478
0.0
0.10897
V
204
N
205
203
225
183
D
0.34397
0.03103
0.16046
0.46257
0.00197
V
205
N
206
204
226
184
D
0.53548
0.0
0.07261
0.0
0.38389
0.00802
V
206
N
207
205
227
185
D
0.30291
0.0
0.05029
0.0
0.64227
0.0
0.00453
V
207
N
208
206
228
186
D
0.01079
0.00347
0.35894
0.01021
0.32607
0.01629
0.27423
V
208
N
209
207
187
D
0.56583
0.0
0.0
0.21011
0.0
0.0
0.22406
V
209
N
208
230
D
0.01727
0.00152
0.20687
0.12708
0.0
0.64726
V
212
N
213
233
191
D
0.82966
0.0
0.17034
V
213
N
214
212
234
192
D
0.38323
0.11347
0.4372
0.0077
0.05529
0.00311
V
214
N
215
213
235
193
D
0.17931
0.51591
0.03556
0.0
0.0
0.0
0.26922
V
215
N
216
214
236
194
D
0.04899
0.0
0.67338
0.0
0.10561
0.0
0.17202
V
216
N
217
215
237
195
D
0.27293
0.0
0.35031
0.26716
0.1096
V
217
N
218
216
238
196
D
0.72448
0.04112
0.0
0.0
0.0
0.0
0.2344
V
218
N
219
217
239
197
D
0.4695
0.0
0.08978
0.20161
0.0
0.0
0.23911
V
219
N
220
218
240
198
D
0.77152
0.11873
0.0
0.10975
V
220
N
221
219
241
199
D
0.53638
0.0
0.0
0.0
0.35614
0.0
0.10748
V
221
N
222
220
242
200
D
0.56964
0.00086
0.0
0.4295
V
222
N
223
221
243
201
D
0.01104
0.77626
0.0
0.17534
0.01041
0.02695
V
223
N
224
222
244
202
D
0.02119
0.0
0.8504
0.10061
0.00139
0.02641
V
224
N
225
223
245
203
D
0.04638
0.08179
0.0391
0.02063
0.0
0.8121
V
225
N
226
224
246
204
D
0.00439
0.0
0.30641
0.0
0.57089
0.0
0.11831
V
226
N
227
225
247
205
D
0.04044
0.0
0.189
0.0
0.74483
0.00378
0.02195
V
227
N
228
226
248
206
D
0.49607
0.0
0.0
0.08668
0.00537
0.41188
V
228
N
227
249
207
D
0.15794
0.16532
0.0
0.60405
0.07041
0.0
0.00228
V
230
N
231
251
209
D
0.88655
0.0
0.0
0.0
0.0
0.11179
0.00166
V
231
N
230
252
D
0.07843
0.10436
0.38826
0.0
0.30365
0.1253
V
233
N
234
254
212
D
0.0199
0.04481
0.0
0.0
0.0
0.92592
0.00937
V
234
N
235
233
255
213
D
0.02756
0.0
0.04454
0.0
0.9279
V
235
N
236
234
256
214
D
0.09553
0.43861
0.0091
0.2358
0.22096
V
236
N
237
235
257
215
D
0.05248
0.36293
0.12461
0.0
0.0
0.0
0.45998
V
237
N
238
236
258
216
D
0.17616
0.0
0.0
0.0
0.60325
0.22059
V
238
N
239
237
259
217
D
0.15878
0.0
0.58583
0.02263
0.11451
0.11825
V
239
N
240
238
260
218
D
0.16809
0.0
0.0
0.0
0.0
0.72982
0.10209
V
240
N
241
239
261
219
D
0.14417
0.21207
0.37868
0.0
0.0
0.0
0.26508
V
241
N
242
240
262
220
D
0.27811
0.0
0.04392
0.58642
0.03674
0.0
0.05481
V
242
N
243
241
263
221
D
0.98845
0.0
0.0
0.0
0.0
0.0
0.01155
V
243
N
244
242
264
222
D
0.94418
0.0
0.0
0.0
0.05582
V
244
N
245
243
265
223
D
0.24356
0.26598
0.0022
0.46226
0.0
0.02149
0.00451
V
245
N
246
244
266
224
D
0.86095
0.0
0.0
0.0
0.13905
V
246
N
247
245
267
225
D
0.03205
0.04614
0.0
0.0
0.40402
0.0
0.51779
V
247
N
248
246
268
226
D
0.05496
2e-05
0.00403
0.0
0.0
0.0
0.94099
V
248
N
249
247
269
227
D
0.91955
0.0
0.0
0.0
0.08045
V
249
N
250
248
270
228
D
0.18105
0.09242
0.0
0.0
0.17872
0.39082
0.15699
V
250
N
251
249
271
D
0.42132
0.0
0.00656
0.0
0.01064
0.56148
V
251
N
252
250
272
230
D
0.30308
0.44084
0.0
0.0
0.0
0.23158
0.0245
V
252
N
251
231
D
0.47322
0.01513
0.33358
0.02651
0.0
0.0
0.15156
V
254
N
255
233
D
0.00961
0.0
0.1558
0.00667
0.24713
0.55908
0.02171
V
255
N
256
254
276
234
D
0.83009
0.0
0.0
0.0
0.0
0.16991
V
256
N
257
255
277
235
D
0.73817
0.07649
0.18534
V
257
N
258
256
278
236
D
0.41358
0.1281
0.0
0.42067
0.0
0.0
0.03765
V
258
N
259
257
279
237
D
0.18156
0.32867
0.14951
0.0
0.0
0.05234
0.28792
V
259
N
260
258
280
238
D
0.35902
0.0
0.0
0.0
0.0
0.64098
V
260
N
261
259
281
239
D
0.71131
0.0
0.28869
V
261
N
262
260
282
240
D
0.40928
0.0
0.0
0.17719
0.0
0.3507
0.06283
V
262
N
263
261
283
241
D
0.34239
0.48896
0.11917
0.0
0.01618
0.0333
V
263
N
264
262
284
242
D
0.09047
0.54748
0.01304
0.0
0.34901
V
264
N
265
263
285
243
D
0.00878
0.0
0.50693
0.0
0.24444
0.23985
V
265
N
266
264
286
244
D
0.06746
0.0
0.0
0.0
0.17858
0.16157
0.59239
V
266
N
267
265
287
245
D
0.95304
0.0
0.0
0.04696
V
267
N
268
266
288
246
D
0.19237
0.0
0.02043
0.0
0.06114
0.1922
0.53386
V
268
N
269
267
289
247
D
0.76563
0.0
0.09139
0.09115
0.0
0.0
0.05183
V
269
N
270
268
290
248
D
0.39435
0.0
0.4393
0.16635
V
270
N
271
269
291
249
D
0.14262
0.00526
0.0
0.65286
0.0
0.19926
V
271
N
272
270
292
250
D
0.34203
0.0
0.0
0.0
0.0
0.0
0.65797
V
272
N
271
293
251
D
0.03364
0.0
0.0
0.00234
0.96402
V
276
N
277
297
255
D
0.01258
0.14506
0.00318
0.0
0.82454
0.0
0.01464
V
277
N
278
276
298
256
D
0.99223
0.0
0.0
0.0
0.0
0.0
0.00777
V
278
N
279
277
299
257
D
0.09708
0.34191
0.54188
0.0
0.0
0.01913
V
279
N
280
278
300
258
D
0.30073
0.0
0.023
0.0
0.0
0.60015
0.07612
V
280
N
281
279
301
259
D
0.01805
0.0
0.0
0.0
0.0
0.37254
0.60941
V
281
N
282
280
302
260
D
0.83762
0.0
0.02849
0.0
0.07326
0.0
0.06063
V
282
N
283
281
303
261
D
0.72861
0.01035
0.0
0.18939
0.0
0.0
0.07165
V
283
N
284
282
304
262
D
0.56813
0.43153
0.00034
V
284
N
285
283
305
263
D
0.04136
0.39964
0.12528
0.24204
0.08514
0.0
0.10654
V
285
N
286
284
306
264
D
0.89999
0.0
0.0
0.0
0.10001
V
286
N
287
285
307
265
D
0.45646
0.0
0.45208
0.0
0.09146
V
287
N
288
286
308
266
D
0.31989
0.0
0.11154
0.56857
V
288
N
289
287
309
267
D
0.0492
0.21915
0.02429
0.00347
0.0
0.0
0.70389
V
289
N
290
288
310
268
D
0.00663
0.04697
0.0
0.74582
0.0
0.20058
V
290
N
291
289
311
269
D
0.0386
0.0
0.01524
0.0
0.4724
0.0
0.47376
V
291
N
292
290
312
270
D
0.18552
0.00736
0.14862
0.0
0.6585
V
292
N
293
291
313
271
D
0.80437
0.0
0.07186
0.12377
V
293
N
292
314
272
D
0.2247
0.65128
0.03735
0.0
0.0
0.0
0.08667
V
297
N
298
318
276
D
0.98889
0.01111
V
298
N
299
297
319
277
D
0.08274
0.0
0.0
0.0
0.85897
0.0
0.05829
V
299
N
300
298
320
278
D
0.02286
0.00166
0.0
0.0
0.67565
0.0
0.29983
V
300
N
301
299
321
279
D
0.47797
0.0
0.10185
0.0
0.39868
0.0215
V
301
N
302
300
322
280
D
0.08521
0.45729
0.33338
0.0936
0.0
0.00724
0.02328
V
302
N
303
301
323
281
D
0.45021
0.0
0.0
0.22163
0.0
0.0
0.32816
V
303
N
304
302
324
282
D
0.75028
0.0
0.18636
0.06336
V
304
N
305
303
325
283
D
0.23783
0.0
0.00118
0.02858
0.02861
0.7038
V
305
N
306
304
326
284
D
0.60794
0.0
0.0
0.39206
V
306
N
307
305
327
285
D
0.38602
0.0083
0.00139
0.2664
0.0
0.0
0.33789
V
307
N
308
306
328
286
D
0.00648
0.47259
0.08664
0.40049
0.0
0.0338
V
308
N
309
307
329
287
D
0.00184
0.0
0.00218
0.00587
0.0
0.98824
0.00187
V
309
N
310
308
330
288
D
0.4104
0.40917
0.0
0.10327
0.0
0.0
0.07716
V
310
N
311
309
331
289
D
0.38169
0.0
0.08509
0.0
0.0
0.3989
0.13432
V
311
N
312
310
332
290
D
0.00741
0.1668
0.00169
0.0
0.0
0.27437
0.54973
V
312
N
313
311
333
291
D
0.05842
0.0
0.15459
0.33872
0.0
0.26531
0.18296
V
313
N
314
312
334
292
D
0.04765
0.0
0.63474
0.26792
0.03152
0.01817
V
314
N
313
335
293
D
0.0012
0.87416
0.0
0.02435
0.09452
0.0
0.00577
V
318
N
319
297
D
0.4358
0.0
0.27873
0.0
0.0
0.24825
0.03722
V
319
N
320
318
340
298
D
0.9882
0.00116
0.0
0.0
0.0
0.0
0.01064
V
320
N
321
319
341
299
D
0.59519
0.00824
0.37645
0.02012
V
321
N
322
320
342
300
D
0.82879
0.0
0.0
0.16924
0.0
0.00197
V
322
N
323
321
343
301
D
0.01621
0.51336
0.00696
0.28802
0.0
0.17545
V
323
N
324
322
344
302
D
0.06705
0.0
0.27369
0.52588
0.04163
0.07435
0.0174
V
324
N
325
323
345
303
D
0.1278
0.5872
0.0
0.23076
0.0
0.05424
V
325
N
326
324
346
304
D
0.65921
0.28486
0.02047
0.0
0.023
0.0
0.01246
V
326
N
327
325
347
305
D
0.19675
0.56236
0.07764
0.16325
V
327
N
328
326
348
306
D
0.34514
0.0
0.0
0.0
0.0
0.65486
V
328
N
329
327
349
307
D
0.65073
0.0
0.0
0.0
0.16424
0.0
0.18503
V
329
N
330
328
350
308
D
0.04905
0.09498
0.0
0.0
0.67325
0.18272
V
330
N
331
329
351
309
D
0.30943
0.0
0.04785
0.0
0.48875
0.15397
V
331
N
332
330
352
310
D
0.18202
0.3922
0.07127
0.0
0.0
0.22304
0.13147
V
332
N
333
331
353
311
D
0.42359
0.57641
V
333
N
334
332
354
312
D
0.87175
0.12415
0.0
0.0
0.0
0.0
0.0041
V
334
N
335
333
355
313
D
0.5313
0.33505
0.01784
0.0
0.0581
0.05771
V
335
N
334
314
D
0.41965
0.0
0.0
0.58035
V
340
N
341
319
D
0.2304
0.10731
0.0
0.00805
0.65424
V
341
N
342
340
362
320
D
0.06756
0.0
0.0
0.16219
0.08422
0.39544
0.29059
V
342
N
343
341
363
321
D
0.00425
0.00555
0.01251
0.0
0.95946
0.0
0.01823
V
343
N
344
342
364
322
D
0.21388
0.71285
0.03042
0.0
0.0
0.0
0.04285
V
344
N
345
343
323
D
0.97471
0.0
0.0
0.0
0.02529
V
345
N
346
344
324
D
0.63662
0.0
0.28122
0.0
0.08216
V
346
N
347
345
367
325
D
0.45867
0.0
0.00027
0.07162
0.42866
0.0
0.04078
V
347
N
348
346
368
326
D
0.03574
0.0
0.96426
V
348
N
349
347
369
327
D
0.01454
0.04597
0.68492
0.25457
V
349
N
350
348
370
328
D
0.65503
0.0
0.0
0.0
0.0
0.0
0.34497
V
350
N
351
349
371
329
D
0.04774
0.0
0.0
0.3011
0.0
0.0
0.65116
V
351
N
352
350
372
330
D
0.04406
0.0
0.0
0.33549
0.04196
0.00719
0.5713
V
352
N
353
351
373
331
D
0.39423
0.0
0.60577
V
353
N
354
352
374
332
D
0.00752
0.23513
0.59622
0.16113
V
354
N
355
353
375
333
D
0.39227
0.0
0.01008
0.40298
0.0
0.19467
V
355
N
354
334
D
0.16527
0.19344
0.31651
0.02171
0.02522
0.20662
0.07123
V
362
N
363
341
D
0.00497
0.0
0.00101
0.95789
0.03613
V
363
N
364
362
384
342
D
0.09121
0.13652
0.43469
0.0
0.0
0.27257
0.06501
V
364
N
363
385
343
D
0.40019
0.35676
0.0
0.0
0.0
0.03358
0.20947
V
367
N
368
346
D
0.09188
0.0
0.0
0.0
0.0
0.0
0.90812
V
368
N
369
367
389
347
D
0.26745
0.66401
0.0
0.06854
V
369
N
370
368
390
348
D
0.30247
0.4927
0.1092
0.0
0.0
0.09563
V
370
N
371
369
391
349
D
0.43824
0.0
0.0
0.44338
0.0
0.04765
0.07073
V
371
N
372
370
392
350
D
0.30653
0.0
0.0
0.25832
0.0
0.15432
0.28083
V
372
N
373
371
393
351
D
2e-05
1e-05
0.20088
0.00017
0.13205
0.66687
V
373
N
374
372
394
352
D
0.70223
0.0
0.0
0.19442
0.0
0.0
0.10335
V
374
N
375
373
395
353
D
0.3241
0.09855
0.0
0.54651
0.0
0.03084
V
375
N
374
354
D
0.7156
0.0
0.0
0.06142
0.03263
0.11748
0.07287
V
384
N
385
363
D
0.24024
0.0
0.0
0.00118
0.14489
0.12927
0.48442
V
385
N
386
384
406
364
D
0.36271
0.0
0.37042
0.0
0.26687
V
386
N
385
407
D
0.78657
0.0
0.0
0.21343
V
389
N
390
410
368
D
0.43929
0.0
0.0
0.48678
0.0
0.07393
V
390
N
391
389
411
369
D
0.08422
0.0
0.0
0.07327
0.19909
0.64342
V
391
N
392
390
412
370
D
0.04311
0.00563
0.00361
0.00188
0.0
0.01869
0.92708
V
392
N
393
391
413
371
D
0.41437
0.0
0.00017
0.0
0.0
0.07565
0.50981
V
393
N
394
392
414
372
D
0.51737
0.0
0.0
0.0
0.48263
V
394
N
395
393
415
373
D
0.93181
0.01918
0.0
0.0
0.04901
V
395
N
394
374
D
0.01616
0.0
0.00502
0.93672
0.0
0.00167
0.04043
V
406
N
407
385
D
0.38947
0.0
0.0
0.0
0.0
0.0
0.61053
V
407
N
406
386
D
0.02898
0.0
0.01428
0.0
0.37347
0.0
0.58327
V
410
N
411
431
389
D
0.00296
0.99704
V
411
N
412
410
432
390
D
0.34677
0.50414
0.0
0.00271
0.0
0.09926
0.04712
V
412
N
413
411
433
391
D
0.01732
0.0
0.0
0.02321
0.04145
0.00752
0.9105
V
413
N
414
412
392
D
0.00239
0.0
0.0
0.0
0.16486
0.15239
0.68036
V
414
N
415
413
393
D
0.17244
0.32743
0.0
0.0
0.46351
0.0
0.03662
V
415
N
414
394
D
0.17676
0.0
0.0
0.82324
V
430
N
431
D
0.00025
0.72188
0.0
0.0
0.0
0.0
0.27787
V
431
N
432
430
410
D
0.00264
0.0
0.99114
0.0
3e-05
0.0
0.00619
V
432
N
433
431
411
D
0.64265
0.32144
0.0
0.0
0.0
0.0
0.03591
V
433
N
432
412
D
0.29025
0.0
0.68707
0.02268
