i_288_6_20_FR_X
20
X
A
0
1
19
3
A
1
1
12
14
A
2
1
11
12
A
3
1
17
12
A
4
1
17
15
A
5
1
19
18
V
1
N
2
19
D
0.8479
0.0
0.0023
0.0015
V
2
N
3
1
20
D
0.3403
0.0
0.0
0.1146
V
3
N
4
2
21
D
0.9284
0.0
V
4
N
5
3
22
D
0.5972
0.0
0.0584
0.0
V
5
N
6
4
23
D
0.2517
0.0
0.1858
0.0
V
6
N
7
5
24
D
0.223
0.3435
0.2259
0.0
0.0232
V
7
N
8
6
25
D
0.0003
0.2972
0.0
0.0008
0.0035
V
8
N
9
7
26
D
0.234
0.1254
0.0
0.0704
V
9
N
10
8
27
D
0.7167
0.2833
V
10
N
11
9
28
D
0.4456
0.0
V
11
N
12
10
29
D
0.2588
0.0
V
12
N
13
11
30
D
0.0419
0.0028
0.0
0.0
0.0405
V
13
N
14
12
31
D
0.1136
0.0
0.0
V
14
N
15
13
32
D
0.413
0.1271
0.0
0.2165
0.2359
V
15
N
16
14
33
D
0.0071
0.0
0.479
0.0027
0.0
V
16
N
17
15
34
D
0.1412
0.0051
0.0
0.0032
0.6104
V
17
N
18
16
35
D
0.0327
0.4947
0.0074
0.0
0.0074
0.0492
V
18
N
17
36
D
0.0741
0.0
0.0
V
19
N
20
37
1
D
0.0859
0.0
0.0043
0.8571
V
20
N
21
19
38
2
D
0.0026
0.0
0.0
0.8898
V
21
N
22
20
39
3
D
0.1525
0.0
0.0
0.0299
V
22
N
23
21
40
4
D
0.1752
0.5977
0.112
0.0
0.002
0.0709
V
23
N
24
22
41
5
D
0.2348
0.093
0.1997
0.0107
0.0
V
24
N
25
23
42
6
D
0.73
0.0
0.0
V
25
N
26
24
43
7
D
0.1486
0.0
0.267
V
26
N
27
25
44
8
D
0.4542
0.3346
0.0
0.0
V
27
N
28
26
45
9
D
0.1391
0.0825
0.444
0.3344
V
28
N
29
27
46
10
D
0.3837
0.0
0.0
0.0164
0.5671
V
29
N
30
28
47
11
D
0.5904
0.0
0.0
V
30
N
31
29
48
12
D
0.6398
0.0
V
31
N
32
30
49
13
D
0.0241
0.0
0.0
V
32
N
33
31
50
14
D
0.0278
0.0
0.0061
V
33
N
34
32
51
15
D
0.0012
0.0
0.0
V
34
N
35
33
52
16
D
0.7712
0.0
V
35
N
36
34
53
17
D
0.5123
0.4267
0.0
0.0272
V
36
N
35
54
18
D
0.4561
0.0
0.0078
0.0
V
37
N
38
55
19
D
0.4546
0.2477
0.0
0.0
V
38
N
39
37
56
20
D
0.0189
0.0
0.0
0.1051
V
39
N
40
38
57
21
D
0.323
0.0
V
40
N
41
39
58
22
D
0.0234
0.0
0.4802
0.0388
0.4051
V
41
N
42
40
59
23
D
0.1187
0.0
0.0
V
42
N
43
41
60
24
D
0.4534
0.0
V
43
N
44
42
61
25
D
0.0343
0.3194
0.0
V
44
N
45
43
62
26
D
0.4488
0.0
V
45
N
46
44
63
27
D
0.0943
0.8618
0.0
V
46
N
47
45
64
28
D
0.871
0.0422
0.0031
0.0
0.0
V
47
N
48
46
65
29
D
0.1872
0.117
0.0
0.0
V
48
N
49
47
66
30
D
0.9242
0.0014
0.0
V
49
N
50
48
67
31
D
0.5095
0.0
V
50
N
51
49
68
32
D
0.004
0.0
0.4621
0.0
V
51
N
52
50
69
33
D
0.8014
0.0
V
52
N
53
51
70
34
D
0.2005
0.0
V
53
N
54
52
71
35
D
0.7511
0.0
0.0371
0.0
0.0622
V
54
N
53
72
36
D
0.8336
0.1664
V
55
N
56
73
37
D
0.409
0.0
0.1368
0.4222
V
56
N
57
55
74
38
D
0.2367
0.4811
0.2152
0.0644
0.0
V
57
N
58
56
75
39
D
0.2296
0.0594
0.0
0.1147
0.0629
V
58
N
59
57
76
40
D
0.6874
0.122
0.0
V
59
N
60
58
77
41
D
0.2454
0.1092
0.0702
0.0
0.0
V
60
N
61
59
78
42
D
0.1215
0.5173
0.2482
0.0
0.0038
0.0398
V
61
N
62
60
79
43
D
0.0401
0.0034
0.0
0.0
0.0387
V
62
N
63
61
80
44
D
0.2706
0.0
0.6603
0.0149
0.0
V
63
N
64
62
81
45
D
0.1588
0.2204
0.3427
0.1138
0.0349
0.1294
V
64
N
65
63
82
46
D
0.2404
0.0
0.4148
0.0
V
65
N
66
64
83
47
D
0.2443
0.0
0.0668
0.464
0.0021
V
66
N
67
65
84
48
D
0.8025
0.0
0.0
0.0011
V
67
N
68
66
85
49
D
0.6363
0.0
V
68
N
69
67
86
50
D
0.1407
0.0
0.0
V
69
N
70
68
87
51
D
0.5917
0.16
0.0
0.0862
V
70
N
71
69
88
52
D
0.8635
0.0
V
71
N
72
70
89
53
D
0.1506
0.0
0.0
V
72
N
71
90
54
D
0.0296
0.0
0.1481
0.0743
0.746
V
73
N
74
91
55
D
0.5266
0.0
V
74
N
75
73
92
56
D
0.8328
0.0
0.0187
0.0
V
75
N
76
74
93
57
D
0.1009
0.0034
0.0534
0.8047
0.0
V
76
N
77
75
94
58
D
0.1978
0.0
0.0115
0.0122
0.0045
0.1177
V
77
N
78
76
95
59
D
0.1289
0.0172
0.0
0.0438
0.0
V
78
N
79
77
96
60
D
0.0498
0.0
0.0227
0.852
0.0181
0.0295
V
79
N
80
78
97
61
D
0.0045
0.7296
0.0183
0.0
0.2445
0.001
V
80
N
81
79
98
62
D
0.4948
0.0
0.0
0.2977
V
81
N
82
80
99
63
D
0.7241
0.0
0.1451
V
82
N
83
81
100
64
D
0.2489
0.0
0.0532
0.2718
0.3257
0.0616
V
83
N
84
82
101
65
D
0.5495
0.041
0.3628
0.0394
0.0
V
84
N
85
83
102
66
D
0.5602
0.241
0.0
0.0721
0.0422
V
85
N
86
84
103
67
D
0.3627
0.0
V
86
N
87
85
104
68
D
0.0619
0.0102
0.058
0.0003
0.018
0.8516
V
87
N
88
86
105
69
D
0.5555
0.0
0.234
0.0014
0.0276
V
88
N
89
87
106
70
D
0.6719
0.0
0.0615
0.229
V
89
N
90
88
107
71
D
0.5602
0.0
0.063
V
90
N
89
108
72
D
0.1731
0.0
0.2678
V
91
N
92
109
73
D
0.1117
0.3933
0.0
V
92
N
93
91
110
74
D
0.8349
0.1564
0.0
V
93
N
94
92
111
75
D
0.0012
0.9427
0.0
0.0195
0.0
V
94
N
95
93
112
76
D
0.2537
0.1362
0.2135
0.0
V
95
N
96
94
113
77
D
0.0158
0.0
0.0
0.0
V
96
N
97
95
114
78
D
0.0259
0.0005
0.0
0.0617
0.5414
V
97
N
98
96
115
79
D
0.7498
0.0
0.0235
0.1213
V
98
N
99
97
116
80
D
0.2622
0.0
V
99
N
100
98
117
81
D
0.0575
0.0553
0.8209
0.0
V
100
N
101
99
118
82
D
0.0367
0.118
0.0
0.001
V
101
N
102
100
119
83
D
0.1808
0.0
0.0
0.2212
V
102
N
103
101
120
84
D
0.0907
0.0
0.2563
0.0866
0.5361
V
103
N
104
102
121
85
D
0.7054
0.0
0.0008
0.0
V
104
N
105
103
122
86
D
0.0046
0.0049
0.0021
0.8593
0.0176
0.0
V
105
N
106
104
123
87
D
0.2877
0.0
0.1044
0.0
V
106
N
107
105
124
88
D
0.0008
0.0019
0.0007
0.0003
0.8679
0.1043
0.0241
V
107
N
108
106
125
89
D
0.6131
0.0
0.075
0.013
V
108
N
107
126
90
D
0.0285
0.0263
0.0
V
109
N
110
127
91
D
0.0306
0.0
0.0
0.3774
V
110
N
111
109
128
92
D
0.4151
0.4894
0.0
V
111
N
112
110
129
93
D
0.0936
0.9064
V
112
N
113
111
130
94
D
0.333
0.5574
0.0
0.0
V
113
N
114
112
131
95
D
0.0792
0.2521
0.0406
0.0
V
114
N
115
113
132
96
D
0.0301
0.0582
0.0572
0.8545
V
115
N
116
114
133
97
D
0.0324
0.1359
0.0
0.0614
0.2634
0.1008
V
116
N
117
115
134
98
D
0.0461
0.0
0.005
0.2685
0.0568
0.4416
V
117
N
118
116
135
99
D
0.0663
0.0432
0.0
0.0
V
118
N
119
117
136
100
D
0.304
0.0
0.115
0.5314
0.0088
V
119
N
120
118
137
101
D
0.0249
0.2236
0.1257
0.6258
V
120
N
121
119
138
102
D
0.1357
0.0
0.0
V
121
N
122
120
139
103
D
0.7522
0.0
V
122
N
123
121
140
104
D
0.22
0.5329
0.189
0.0
0.0319
V
123
N
124
122
141
105
D
0.1015
0.1155
0.0
0.0
V
124
N
125
123
142
106
D
0.0952
0.4261
0.0476
0.2791
0.1443
0.0
V
125
N
126
124
143
107
D
0.0826
0.6187
0.0
0.1693
V
126
N
125
144
108
D
0.1664
0.0
0.0
V
127
N
128
145
109
D
0.4869
0.0
0.2515
0.2256
V
128
N
129
127
146
110
D
0.0672
0.796
0.0
V
129
N
130
128
147
111
D
0.6204
0.1668
0.0
0.0072
V
130
N
131
129
148
112
D
0.4613
0.0
0.0516
0.21
0.1855
V
131
N
132
130
149
113
D
0.2967
0.0
0.576
V
132
N
133
131
150
114
D
0.0253
0.0031
0.0
0.0
V
133
N
134
132
151
115
D
0.5248
0.0864
0.0
0.0076
0.0
V
134
N
135
133
152
116
D
0.382
0.618
V
135
N
136
134
153
117
D
0.0581
0.9419
V
136
N
137
135
154
118
D
0.1129
0.0
V
137
N
138
136
155
119
D
0.1629
0.152
0.0
0.0
V
138
N
139
137
156
120
D
0.5634
0.1824
0.0
V
139
N
140
138
157
121
D
0.6634
0.0
V
140
N
141
139
158
122
D
0.0419
0.0
0.0
V
141
N
142
140
159
123
D
0.0779
0.3133
0.0515
0.3073
0.0
V
142
N
143
141
160
124
D
0.1267
0.3949
0.0
V
143
N
144
142
161
125
D
0.165
0.0342
0.4779
0.0
0.0
V
144
N
143
162
126
D
0.6526
0.0003
0.347
0.0
0.0
V
145
N
146
163
127
D
0.0791
0.0123
0.0
0.0
0.3942
V
146
N
147
145
164
128
D
0.0501
0.0
0.0
0.3641
0.1595
V
147
N
148
146
165
129
D
0.0045
0.0624
0.7727
0.0292
0.0014
0.0
V
148
N
149
147
166
130
D
0.8198
0.0
V
149
N
150
148
167
131
D
0.1418
0.7384
0.0
0.0
0.0861
V
150
N
151
149
168
132
D
0.1063
0.0
0.0315
0.003
0.2868
0.1372
V
151
N
152
150
169
133
D
0.7602
0.0
V
152
N
153
151
170
134
D
0.297
0.1107
0.2071
0.0
0.0182
V
153
N
154
152
171
135
D
0.9874
0.0
V
154
N
155
153
172
136
D
0.0049
0.0036
0.182
0.0
0.0
V
155
N
156
154
173
137
D
0.6113
0.0
0.0
V
156
N
157
155
174
138
D
0.5384
0.0
V
157
N
158
156
175
139
D
0.0592
0.3616
0.1586
0.0
0.2593
0.0828
V
158
N
159
157
176
140
D
0.056
0.0
0.0
0.1091
V
159
N
160
158
177
141
D
0.006
0.0
0.1488
0.0
V
160
N
161
159
178
142
D
0.9314
0.0
V
161
N
162
160
179
143
D
0.9899
0.0
0.0
V
162
N
161
180
144
D
0.0074
0.022
0.7748
0.0247
0.0273
0.0
V
163
N
164
181
145
D
0.0333
0.146
0.0313
0.0393
0.0
V
164
N
165
163
182
146
D
0.3072
0.2523
0.4174
0.0
V
165
N
166
164
183
147
D
0.7121
0.2635
0.0244
V
166
N
167
165
184
148
D
0.5036
0.0
V
167
N
168
166
185
149
D
0.3334
0.0
0.0
V
168
N
169
167
186
150
D
0.5747
0.0
0.0342
V
169
N
170
168
187
151
D
0.1887
0.0
0.1115
0.0
V
170
N
171
169
188
152
D
0.8637
0.0
V
171
N
172
170
189
153
D
0.848
0.0
V
172
N
173
171
190
154
D
0.502
0.1121
0.0
0.2453
V
173
N
174
172
191
155
D
0.3877
0.022
0.0
0.0989
V
174
N
175
173
192
156
D
0.0006
0.0003
0.2566
0.2414
0.0
V
175
N
176
174
193
157
D
0.628
0.0
V
176
N
177
175
194
158
D
0.3907
0.6093
V
177
N
178
176
195
159
D
0.4746
0.0
0.0
V
178
N
179
177
196
160
D
0.1345
0.058
0.0654
0.0
V
179
N
180
178
197
161
D
0.0651
0.0
0.8327
0.0859
V
180
N
179
198
162
D
0.1308
0.0
0.0
0.0
V
181
N
182
199
163
D
0.0011
0.0642
0.5359
0.3988
V
182
N
183
181
200
164
D
0.0007
0.0003
0.7407
0.0
0.0
V
183
N
184
182
201
165
D
0.0508
0.1088
0.0
0.0
V
184
N
185
183
202
166
D
0.4057
0.0
0.4893
V
185
N
186
184
203
167
D
0.1241
0.0
V
186
N
187
185
204
168
D
0.2786
0.0
0.1952
0.0
V
187
N
188
186
205
169
D
0.0303
0.3343
0.4344
0.188
0.013
V
188
N
189
187
206
170
D
0.9955
0.0045
V
189
N
190
188
207
171
D
0.4442
0.0
V
190
N
191
189
208
172
D
0.0238
0.0
0.0
0.0022
0.0397
V
191
N
192
190
209
173
D
0.9402
0.0598
V
192
N
193
191
210
174
D
0.104
0.0161
0.0
V
193
N
194
192
211
175
D
0.7808
0.0
V
194
N
195
193
212
176
D
0.3546
0.006
0.0
0.0
V
195
N
196
194
213
177
D
0.6896
0.0
V
196
N
197
195
214
178
D
0.0493
0.931
0.0
V
197
N
198
196
215
179
D
0.3964
0.0
V
198
N
197
216
180
D
0.1041
0.0
0.5982
V
199
N
200
217
181
D
0.5782
0.0
0.0
0.3177
V
200
N
201
199
218
182
D
0.4086
0.0
0.0
0.1203
V
201
N
202
200
219
183
D
0.2601
0.1711
0.0
0.0404
0.0289
V
202
N
203
201
220
184
D
0.0643
0.0002
0.0
0.0016
V
203
N
204
202
221
185
D
0.8715
0.1285
V
204
N
205
203
222
186
D
0.1644
0.044
0.0
0.0092
0.0
V
205
N
206
204
223
187
D
0.0166
0.1245
0.5716
0.0041
0.2654
0.0012
0.0166
V
206
N
207
205
224
188
D
0.3815
0.5568
0.0617
V
207
N
208
206
225
189
D
0.0139
0.5749
0.0193
0.0138
0.0051
0.373
V
208
N
209
207
226
190
D
0.4603
0.3379
0.0
0.0
V
209
N
210
208
227
191
D
0.0228
0.0
0.0125
0.0759
0.7476
V
210
N
211
209
228
192
D
0.8042
0.0
0.1182
V
211
N
212
210
229
193
D
0.7874
0.0
V
212
N
213
211
230
194
D
0.7419
0.0
0.0
V
213
N
214
212
231
195
D
0.4055
0.0
0.0
0.4941
V
214
N
215
213
232
196
D
0.4726
0.0
0.0
V
215
N
216
214
233
197
D
0.6051
0.0
0.0136
0.01
V
216
N
215
234
198
D
0.0348
0.7755
0.0
0.0
0.0101
V
217
N
218
235
199
D
0.0374
0.0
0.0
V
218
N
219
217
236
200
D
0.6133
0.0072
0.0
0.0
V
219
N
220
218
237
201
D
0.3354
0.0
0.0
0.3107
V
220
N
221
219
238
202
D
0.2937
0.0
0.0
0.0
V
221
N
222
220
239
203
D
0.1151
0.7516
0.0427
0.0002
0.0904
V
222
N
223
221
240
204
D
0.0231
0.0
0.6813
0.0173
0.0
V
223
N
224
222
241
205
D
0.0103
0.1383
0.6789
0.0687
0.0
V
224
N
225
223
242
206
D
0.1586
0.0
0.0393
0.0821
0.2238
V
225
N
226
224
243
207
D
0.089
0.0
0.0
V
226
N
227
225
244
208
D
0.6039
0.0149
0.1077
0.0
V
227
N
228
226
245
209
D
0.9794
0.0
V
228
N
229
227
246
210
D
0.102
0.0
0.1884
0.0504
0.1666
0.0392
V
229
N
230
228
247
211
D
0.4262
0.4975
0.0763
V
230
N
231
229
248
212
D
0.112
0.0
0.4518
0.1147
0.1012
V
231
N
232
230
249
213
D
0.595
0.0
0.0269
0.2327
V
232
N
233
231
250
214
D
0.4485
0.0764
0.4607
0.0
V
233
N
234
232
251
215
D
0.2014
0.0
0.0
0.1064
V
234
N
233
252
216
D
0.1874
0.0
0.1413
0.6132
V
235
N
236
253
217
D
0.1613
0.0
0.1492
V
236
N
237
235
254
218
D
0.0117
0.0022
0.0
0.1138
0.0
V
237
N
238
236
255
219
D
0.1482
0.0
0.0
0.2512
V
238
N
239
237
256
220
D
0.2582
0.0
0.6713
V
239
N
240
238
257
221
D
0.484
0.0
V
240
N
241
239
258
222
D
0.3011
0.4015
0.0
0.0689
V
241
N
242
240
259
223
D
0.4087
0.0809
0.0
0.0
0.269
V
242
N
243
241
260
224
D
0.4923
0.0
0.0
V
243
N
244
242
261
225
D
0.3224
0.1056
0.017
0.0
0.0
V
244
N
245
243
262
226
D
0.0894
0.0
0.0801
0.0
0.7787
V
245
N
246
244
263
227
D
0.3227
0.0774
0.0
V
246
N
247
245
264
228
D
0.8739
0.0457
0.0
0.0
V
247
N
248
246
265
229
D
0.4992
0.0
0.0
V
248
N
249
247
266
230
D
0.358
0.2192
0.0
0.4
V
249
N
250
248
267
231
D
0.0429
0.0
0.0
0.3479
V
250
N
251
249
268
232
D
0.1876
0.457
0.2337
0.0
V
251
N
252
250
269
233
D
0.9003
0.037
0.0
V
252
N
251
270
234
D
0.8237
0.0
0.0
0.1192
V
253
N
254
271
235
D
0.6063
0.0
V
254
N
255
253
272
236
D
0.5201
0.0
0.0
V
255
N
256
254
273
237
D
0.0544
0.0
0.0
0.0485
V
256
N
257
255
274
238
D
0.1927
0.0
0.0078
0.0
V
257
N
258
256
275
239
D
0.1959
0.0
0.0
0.0
V
258
N
259
257
276
240
D
0.1928
0.0182
0.0
0.7864
V
259
N
260
258
277
241
D
0.5787
0.4163
0.005
V
260
N
261
259
278
242
D
0.0792
0.1267
0.0
V
261
N
262
260
279
243
D
0.0664
0.1927
0.0544
0.6865
V
262
N
263
261
280
244
D
0.7185
0.0
V
263
N
264
262
281
245
D
0.7648
0.2004
0.0156
0.0176
0.0016
V
264
N
265
263
282
246
D
0.7876
0.2011
0.0113
V
265
N
266
264
283
247
D
0.8502
0.0
V
266
N
267
265
284
248
D
0.8978
0.005
0.01
0.0113
0.0089
0.067
V
267
N
268
266
285
249
D
0.1929
0.1727
0.0
V
268
N
269
267
286
250
D
0.8755
0.0531
0.0
V
269
N
270
268
287
251
D
0.5533
0.0
0.254
V
270
N
269
288
252
D
0.0533
0.882
0.0
V
271
N
272
253
D
0.0
0.2771
0.7217
0.0
0.0
V
272
N
273
271
254
D
0.4149
0.0558
0.0
V
273
N
274
272
255
D
0.6759
0.0
0.0895
0.0173
V
274
N
275
273
256
D
0.0966
0.317
0.0968
0.0
V
275
N
276
274
257
D
0.1674
0.0256
0.0
0.0
0.1352
V
276
N
277
275
258
D
0.0732
0.1509
0.2635
0.0592
0.0
0.0469
V
277
N
278
276
259
D
0.3995
0.1335
0.0
V
278
N
279
277
260
D
0.3129
0.6329
0.0
V
279
N
280
278
261
D
0.0678
0.0
0.0883
0.0089
0.1988
0.0263
V
280
N
281
279
262
D
0.0282
0.7111
0.0386
0.0
V
281
N
282
280
263
D
0.2075
0.1662
0.3027
0.281
0.0
V
282
N
283
281
264
D
0.0522
0.7359
0.0075
0.0475
0.1466
0.0103
V
283
N
284
282
265
D
0.2636
0.0
0.0653
0.4689
V
284
N
285
283
266
D
0.4779
0.0
V
285
N
286
284
267
D
0.3244
0.0
0.0328
0.0
0.441
V
286
N
287
285
268
D
0.8274
0.0
V
287
N
288
286
269
D
0.3078
0.6583
0.0
0.0034
V
288
N
287
270
D
0.1504
0.7183
0.0253
0.0
