i_297_4_42_FR_lak307d
42
lak307d
A
0
31
34
41
A
1
31
34
36
A
2
31
28
26
A
3
31
41
35
V
31
N
32
52
D
0.30546
0.05501
0.01951
0.0
0.06432
0.47338
0.08232
V
32
N
33
31
53
D
0.0651
0.0
0.64905
0.0
0.26847
0.01738
V
33
N
34
32
54
D
0.59888
0.02402
0.0
0.13526
0.0
0.22341
0.01843
V
34
N
33
55
D
0.32724
0.67276
V
48
N
49
69
D
0.40943
0.04376
0.01266
0.0
0.53415
V
49
N
50
48
70
D
0.28218
0.10046
0.0
0.52431
0.0
0.0
0.09305
V
50
N
51
49
71
D
0.23978
0.0
0.0
0.76022
V
51
N
52
50
72
D
0.42445
0.04764
0.30825
0.0
0.21966
V
52
N
53
51
73
31
D
0.05631
0.00613
0.25765
0.45659
0.14794
0.0
0.07538
V
53
N
54
52
74
32
D
0.25124
0.0
0.0
0.7207
0.0
0.02806
V
54
N
55
53
75
33
D
0.98575
0.0
0.0
0.0
0.0
0.01425
V
55
N
56
54
76
34
D
0.1867
0.0
0.37
0.36105
0.0
0.0
0.08225
V
56
N
57
55
77
D
0.20121
0.35286
0.0
0.00823
0.4377
V
57
N
58
56
78
D
0.38834
0.0
0.41128
0.0
0.18002
0.0
0.02036
V
58
N
57
79
D
0.01463
0.0
0.0
0.08159
0.05562
0.0
0.84816
V
68
N
69
89
D
0.44699
0.0
0.0
0.0843
0.10372
0.11153
0.25346
V
69
N
70
68
90
48
D
0.04246
0.14309
0.0
0.28654
0.0
0.47692
0.05099
V
70
N
71
69
91
49
D
0.03465
0.25066
0.0
0.17228
0.0
0.54241
V
71
N
72
70
92
50
D
0.00592
0.83673
0.0
0.0
0.0
0.0
0.15735
V
72
N
73
71
93
51
D
0.00753
0.7522
0.12784
0.0
0.0817
0.03018
0.00055
V
73
N
74
72
94
52
D
0.19629
0.80371
V
74
N
75
73
95
53
D
0.09618
0.0
0.0
0.0
0.0
0.0
0.90382
V
75
N
76
74
96
54
D
0.02876
0.0
0.85357
0.08293
0.0
0.0
0.03474
V
76
N
77
75
97
55
D
0.10605
0.75582
0.04952
0.0
0.08861
V
77
N
78
76
98
56
D
0.699
0.301
V
78
N
79
77
99
57
D
0.01308
0.0
0.8452
0.0
0.02886
0.0
0.11286
V
79
N
80
78
100
58
D
0.06376
0.0
0.072
0.67967
0.0
0.0
0.18457
V
80
N
79
101
D
0.43286
0.0
0.0
0.0
0.56714
V
88
N
89
109
D
0.37363
0.0
0.0
0.609
0.01737
V
89
N
90
88
110
68
D
0.22519
0.7011
0.0
0.04226
0.03145
V
90
N
91
89
111
69
D
0.34359
0.0
0.25949
0.27068
0.11858
0.00766
V
91
N
92
90
112
70
D
0.45793
0.0
0.0
0.08147
0.1958
0.2648
V
92
N
93
91
113
71
D
0.17343
0.0
0.0
0.0
0.82657
V
93
N
94
92
114
72
D
0.72277
0.11934
0.14252
0.0
0.0
0.01537
V
94
N
95
93
115
73
D
0.43564
0.30852
0.0
0.0
0.06968
0.0
0.18616
V
95
N
96
94
116
74
D
0.06874
0.04688
0.0
1e-05
3e-05
0.01466
0.86968
V
96
N
97
95
117
75
D
0.10359
0.62902
0.0
0.0
0.0
0.2537
0.01369
V
97
N
98
96
118
76
D
0.30712
0.0
0.47543
0.0
0.0
0.0
0.21745
V
98
N
99
97
119
77
D
0.10451
0.0
0.00892
0.0
0.88657
V
99
N
100
98
120
78
D
0.06884
0.0
0.01864
0.80368
0.10884
V
100
N
101
99
121
79
D
0.03489
0.0
0.14523
0.0
0.0
0.0
0.81988
V
101
N
102
100
122
80
D
0.71983
0.0
0.0
0.0
0.01707
0.2631
V
102
N
101
123
D
0.54037
0.45963
V
109
N
110
130
88
D
0.00725
0.0
0.00062
0.06198
0.24677
0.01222
0.67116
V
110
N
111
109
131
89
D
0.06225
0.0
0.0
0.60836
0.1091
0.0
0.22029
V
111
N
112
110
132
90
D
0.16837
0.63676
0.0
0.0
0.19487
V
112
N
113
111
133
91
D
0.18344
0.10734
0.00383
0.0
0.0311
0.67429
V
113
N
114
112
134
92
D
0.03009
0.42704
0.24071
0.0
0.28436
0.0
0.0178
V
114
N
115
113
135
93
D
0.54732
0.05919
0.05019
0.04621
0.0
0.0
0.29709
V
115
N
116
114
136
94
D
0.12606
0.0271
0.0
0.36518
0.09728
0.0
0.38438
V
116
N
117
115
137
95
D
0.94902
0.02408
0.0
0.00105
0.0
0.02027
0.00558
V
117
N
118
116
138
96
D
0.01089
0.47779
0.08932
0.0
0.10361
0.31839
V
118
N
119
117
139
97
D
0.0523
0.0
0.0
0.00097
0.70747
0.0
0.23926
V
119
N
120
118
140
98
D
0.02474
0.30948
0.0
0.0
0.02764
0.63814
V
120
N
121
119
141
99
D
0.0054
0.0
0.26719
0.09962
0.62779
V
121
N
122
120
142
100
D
0.04374
0.0
0.0
0.10778
0.69891
0.0
0.14957
V
122
N
123
121
143
101
D
0.64325
0.0
0.0
0.26582
0.0
0.03502
0.05591
V
123
N
124
122
144
102
D
0.10553
0.16436
0.0975
0.16987
0.05137
0.0
0.41137
V
124
N
123
145
D
0.69962
0.0
0.0
0.0
0.0
0.0
0.30038
V
129
N
130
150
D
0.50009
0.27372
0.0
0.0
0.20311
0.02308
V
130
N
131
129
151
109
D
0.95599
0.0
0.0
0.04401
V
131
N
132
130
152
110
D
0.01883
0.0238
0.49168
0.0
0.13742
0.16233
0.16594
V
132
N
133
131
153
111
D
0.16719
0.26734
0.56208
0.0
0.0
0.00339
V
133
N
134
132
154
112
D
0.01823
0.0
0.00125
0.0
0.0023
0.77428
0.20394
V
134
N
135
133
155
113
D
0.77504
0.15394
0.0
0.0543
0.0
0.0
0.01672
V
135
N
136
134
156
114
D
0.00919
0.00443
0.02013
0.0
0.10219
0.00585
0.85821
V
136
N
137
135
157
115
D
0.56454
0.43546
V
137
N
138
136
158
116
D
0.43159
0.0
0.0
0.2026
0.36581
V
138
N
139
137
159
117
D
0.21637
0.61584
0.0
0.14259
0.0
0.0252
V
139
N
140
138
160
118
D
0.4471
0.5529
V
140
N
141
139
161
119
D
0.97117
0.0261
0.00075
0.00198
V
141
N
142
140
162
120
D
0.67135
0.0
0.0
0.0
0.13447
0.19418
V
142
N
143
141
163
121
D
0.12634
0.0
0.87366
V
143
N
144
142
164
122
D
0.04602
0.03463
0.79987
0.00688
0.11212
0.0
0.00048
V
144
N
145
143
165
123
D
0.13434
0.00995
0.0
0.0
0.0
0.479
0.37671
V
145
N
144
166
124
D
0.90242
0.0
0.08467
0.0
0.01291
V
150
N
151
171
129
D
0.70029
0.0
0.29971
V
151
N
152
150
172
130
D
0.13492
0.0
0.08241
0.32359
0.43967
0.01941
V
152
N
153
151
173
131
D
0.01096
0.00078
1e-05
0.0828
0.0
0.00047
0.90498
V
153
N
154
152
174
132
D
0.45887
0.2062
0.0
0.33493
V
154
N
155
153
175
133
D
0.18743
0.05487
0.07678
0.0
0.0
0.0
0.68092
V
155
N
156
154
176
134
D
0.55359
0.0
0.21569
0.0
0.0
0.0
0.23072
V
156
N
157
155
177
135
D
0.1529
0.0
0.0
0.0
0.8471
V
157
N
158
156
178
136
D
0.69091
0.29916
0.0
0.0
0.00993
V
158
N
159
157
179
137
D
0.16832
0.0
0.0
0.0
0.1615
0.67018
V
159
N
160
158
180
138
D
3e-05
0.64252
0.0
0.33413
0.0
0.02332
V
160
N
161
159
181
139
D
0.01536
0.2959
0.0
0.0
0.03016
0.65656
0.00202
V
161
N
162
160
182
140
D
0.02673
0.0
0.0
0.03707
0.0
0.0
0.9362
V
162
N
163
161
183
141
D
0.29944
0.01426
0.0
0.00771
0.0
0.59856
0.08003
V
163
N
164
162
184
142
D
0.44981
0.0
0.0
0.0
0.38206
0.16813
V
164
N
165
163
185
143
D
0.61407
0.04164
0.03357
0.0
0.12816
0.18256
V
165
N
166
164
186
144
D
0.85578
0.0
0.11427
0.0
0.0
0.02995
V
166
N
167
165
187
145
D
0.01622
0.09396
0.0
0.0
0.0
0.0
0.88982
V
167
N
166
D
0.89178
0.0
0.07414
0.0
0.0
0.03408
V
171
N
172
192
150
D
0.5555
0.0
0.0
0.0
0.4445
V
172
N
173
171
193
151
D
0.11853
0.0
0.3005
0.0
0.0
0.58097
V
173
N
174
172
194
152
D
0.14926
0.04678
0.26767
0.40352
0.0
0.05869
0.07408
V
174
N
175
173
195
153
D
0.04486
0.1034
0.00854
0.06655
0.00898
0.34225
0.42542
V
175
N
176
174
196
154
D
0.06489
0.05228
0.0
0.0
0.23164
0.65119
V
176
N
177
175
197
155
D
0.97896
0.0
0.0
0.0
0.02104
V
177
N
178
176
198
156
D
0.01217
0.1801
0.0
0.14131
0.0
0.66642
V
178
N
179
177
199
157
D
0.61833
0.38167
V
179
N
180
178
200
158
D
0.20637
0.0
0.0
0.0
0.12737
0.49582
0.17044
V
180
N
181
179
201
159
D
0.07008
0.20092
0.0
0.0
0.0
0.53125
0.19775
V
181
N
182
180
202
160
D
0.56739
0.0
0.43261
V
182
N
183
181
203
161
D
0.75969
0.0
0.21142
0.02889
V
183
N
184
182
204
162
D
0.21188
0.00632
0.03256
0.01723
0.73201
V
184
N
185
183
205
163
D
0.05604
0.0
0.0
0.36648
0.06181
0.51567
V
185
N
186
184
206
164
D
0.15275
0.04216
0.2195
0.443
0.0
0.12065
0.02194
V
186
N
187
185
207
165
D
0.72502
0.0
0.0
0.0
0.27498
V
187
N
186
208
166
D
0.32912
0.0
0.59632
0.0
0.0
0.07456
V
191
N
192
212
D
0.32883
0.0
0.0
0.33244
0.0
0.19156
0.14717
V
192
N
193
191
213
171
D
0.25564
0.0
0.0
0.0
0.49754
0.24682
V
193
N
194
192
214
172
D
0.26533
0.0
0.06133
0.20709
0.31669
0.01296
0.1366
V
194
N
195
193
215
173
D
0.01456
0.13063
0.0
0.01986
0.00157
0.83338
V
195
N
196
194
216
174
D
0.46702
0.0
0.01369
0.0
0.50622
0.0
0.01307
V
196
N
197
195
217
175
D
0.1226
0.69036
0.0
0.0
0.18704
V
197
N
198
196
218
176
D
0.32686
0.0
0.20003
0.12048
0.0
0.35263
V
198
N
199
197
219
177
D
0.08353
0.03079
0.0
0.0
0.86934
0.01634
V
199
N
200
198
220
178
D
0.49494
0.0
0.0
0.27148
0.23358
V
200
N
201
199
221
179
D
0.09795
0.0
0.02262
0.0
0.43522
0.44421
V
201
N
202
200
222
180
D
0.70977
0.0
0.08269
0.0
0.16594
0.0
0.0416
V
202
N
203
201
223
181
D
0.64902
0.0
0.28874
0.03027
0.0
0.03197
V
203
N
204
202
224
182
D
0.1211
0.27516
0.18856
0.17903
0.06073
0.0
0.17542
V
204
N
205
203
225
183
D
0.02228
0.01365
0.61218
0.35189
V
205
N
206
204
226
184
D
0.78554
0.0
0.21446
V
206
N
207
205
227
185
D
0.03213
0.73496
0.0
0.0
0.23291
V
207
N
208
206
228
186
D
0.47956
0.0
0.0
0.47895
0.0
0.0
0.04149
V
208
N
209
207
187
D
0.35761
0.00301
0.0
0.0
0.48305
0.00156
0.15477
V
209
N
208
230
D
0.01131
0.00276
0.01336
0.24066
0.11427
0.0
0.61764
V
212
N
213
233
191
D
0.07712
0.0
0.0
0.92288
V
213
N
214
212
234
192
D
0.18157
0.65393
0.0
0.0
0.0
0.1645
V
214
N
215
213
235
193
D
0.09234
0.19653
0.08196
0.0
0.17977
0.23897
0.21043
V
215
N
216
214
236
194
D
0.83315
0.0
0.0
0.0
0.16685
V
216
N
217
215
237
195
D
0.24206
0.0
0.0
0.07905
0.0
0.61084
0.06805
V
217
N
218
216
238
196
D
0.0916
0.0
0.0
0.03673
0.0
0.60193
0.26974
V
218
N
219
217
239
197
D
0.89057
0.0
0.0
0.01908
0.02862
0.0
0.06173
V
219
N
220
218
240
198
D
0.51361
0.2376
0.00642
0.0153
0.0
0.03744
0.18963
V
220
N
221
219
241
199
D
0.00889
0.66546
0.25712
0.00013
0.01013
0.0
0.05827
V
221
N
222
220
242
200
D
0.58355
0.1467
0.0
0.2288
0.00597
0.03498
V
222
N
223
221
243
201
D
0.60522
0.06313
0.16274
0.0
0.0
0.16891
V
223
N
224
222
244
202
D
0.7374
0.0
0.14416
0.0
0.11844
V
224
N
225
223
245
203
D
0.25548
0.00197
0.01334
0.00657
0.70938
0.0
0.01326
V
225
N
226
224
246
204
D
0.50981
0.0
0.0
0.0
0.0
0.49019
V
226
N
227
225
247
205
D
0.00983
0.0
0.63827
0.13339
6e-05
0.0
0.21845
V
227
N
228
226
248
206
D
0.81462
0.06035
0.0
0.0
0.03049
0.00212
0.09242
V
228
N
227
249
207
D
0.75346
0.01292
0.0
0.0
0.23362
V
230
N
231
251
209
D
0.64838
0.33187
0.0
0.0
0.0
0.0
0.01975
V
231
N
230
252
D
0.06183
0.18248
0.0
0.00177
0.15092
0.06747
0.53553
V
233
N
234
254
212
D
0.72574
0.0
0.0
0.0
0.04403
0.23023
V
234
N
235
233
255
213
D
0.22056
0.0
0.2545
0.30987
0.21507
V
235
N
236
234
256
214
D
0.91867
0.0
0.0
0.08133
V
236
N
237
235
257
215
D
0.02439
0.0062
0.0208
0.48121
0.4674
V
237
N
238
236
258
216
D
0.00389
0.0
0.00589
0.02285
0.03012
0.0
0.93725
V
238
N
239
237
259
217
D
0.59711
0.0
0.0
0.0
0.0
0.36471
0.03818
V
239
N
240
238
260
218
D
0.00786
0.88899
0.0
0.0
0.0
0.10315
V
240
N
241
239
261
219
D
0.09644
0.0
0.24089
0.0
0.13512
0.0
0.52755
V
241
N
242
240
262
220
D
0.15559
0.0
0.0
0.0
0.84441
V
242
N
243
241
263
221
D
0.55124
0.0
0.13426
0.0
0.03928
0.0
0.27522
V
243
N
244
242
264
222
D
0.02322
0.0458
0.00201
0.0
0.00847
0.81981
0.10069
V
244
N
245
243
265
223
D
0.07366
0.0
0.0
0.0
0.0
0.0
0.92634
V
245
N
246
244
266
224
D
0.11001
0.22341
0.0
0.0
0.66658
V
246
N
247
245
267
225
D
0.23977
0.0
0.0
0.76023
V
247
N
248
246
268
226
D
0.02539
0.02295
0.0
0.0047
0.0
0.04462
0.90234
V
248
N
249
247
269
227
D
0.18059
0.0
0.39483
0.25814
0.16644
V
249
N
250
248
270
228
D
0.0581
0.82695
0.01865
0.0
0.0
0.01117
0.08513
V
250
N
251
249
271
D
0.49168
0.0
0.27489
0.01758
0.0
0.20221
0.01364
V
251
N
252
250
272
230
D
0.0653
0.03409
0.0229
0.0
0.26237
0.59844
0.0169
V
252
N
251
231
D
0.85443
0.14557
V
254
N
255
233
D
0.24473
0.0
0.02483
0.10768
0.50568
0.0
0.11708
V
255
N
256
254
276
234
D
0.00722
0.07449
0.0
0.0
0.04308
0.00766
0.86755
V
256
N
257
255
277
235
D
0.00539
0.0
0.88834
0.01268
0.06434
0.02899
0.00026
V
257
N
258
256
278
236
D
0.09531
0.00051
0.01037
0.85313
0.0
0.01426
0.02642
V
258
N
259
257
279
237
D
0.13318
0.0
0.24628
0.24164
0.00453
0.37437
V
259
N
260
258
280
238
D
0.00934
0.41664
0.00134
0.0
0.00077
0.56567
0.00624
V
260
N
261
259
281
239
D
0.22966
0.00233
0.0044
0.76361
V
261
N
262
260
282
240
D
0.15064
0.0
0.35402
0.03721
0.11878
0.0
0.33935
V
262
N
263
261
283
241
D
0.00148
0.0
0.04628
0.153
0.0
0.0
0.79924
V
263
N
264
262
284
242
D
0.03618
0.0
0.0202
0.90034
0.0
0.04328
V
264
N
265
263
285
243
D
0.32264
0.0
0.0
0.0
0.0
0.67099
0.00637
V
265
N
266
264
286
244
D
0.24731
0.65608
0.09661
V
266
N
267
265
287
245
D
0.1504
0.08407
0.03257
0.0
0.23034
0.0
0.50262
V
267
N
268
266
288
246
D
0.40713
0.0
0.0
0.00049
0.54305
0.04933
V
268
N
269
267
289
247
D
0.48407
0.0
0.04895
0.0
0.46698
V
269
N
270
268
290
248
D
0.02523
0.29639
0.04375
0.15894
0.04244
0.0
0.43325
V
270
N
271
269
291
249
D
0.33641
0.4122
0.0
0.0
0.14838
0.0
0.10301
V
271
N
272
270
292
250
D
0.15812
0.77053
0.03716
0.01605
0.01814
V
272
N
271
293
251
D
0.44395
0.0
0.55605
V
276
N
277
297
255
D
0.09242
0.50643
0.28111
0.0
0.12004
V
277
N
278
276
298
256
D
0.17919
0.22382
0.22047
0.12151
0.25501
V
278
N
279
277
299
257
D
0.29754
0.0605
0.00117
0.07602
0.5339
0.0
0.03087
V
279
N
280
278
300
258
D
0.37428
0.1266
0.14966
0.0
0.01563
0.0
0.33383
V
280
N
281
279
301
259
D
0.30581
0.29308
0.0
0.32135
0.07976
V
281
N
282
280
302
260
D
0.31736
0.1378
0.0
0.0
0.01174
0.0
0.5331
V
282
N
283
281
303
261
D
0.45577
0.0
0.0
0.465
0.0
0.07923
V
283
N
284
282
304
262
D
0.116
0.884
V
284
N
285
283
305
263
D
0.54417
0.0
0.0
0.0
0.0
0.45583
V
285
N
286
284
306
264
D
0.06756
0.0
0.11917
0.01747
0.0
0.0
0.7958
V
286
N
287
285
307
265
D
0.96419
0.0
0.0
0.0
0.03581
V
287
N
288
286
308
266
D
0.89611
0.10389
V
288
N
289
287
309
267
D
0.10324
0.25667
0.02195
0.61236
0.0
0.0
0.00578
V
289
N
290
288
310
268
D
0.00279
0.05518
0.0
0.0
0.02359
0.0
0.91844
V
290
N
291
289
311
269
D
0.9485
0.0
0.0
0.0515
V
291
N
292
290
312
270
D
0.0189
0.72216
0.09272
0.14651
0.0
0.01971
V
292
N
293
291
313
271
D
0.10714
0.0
0.0071
0.12897
0.06735
0.08907
0.60037
V
293
N
292
314
272
D
3e-05
0.09809
0.00178
0.10864
0.79122
0.00024
V
297
N
298
318
276
D
0.08103
0.0
0.0
0.35322
0.0
0.20505
0.3607
V
298
N
299
297
319
277
D
0.27177
0.0
0.01909
0.0
0.0
0.64605
0.06309
V
299
N
300
298
320
278
D
0.22625
0.0
0.0
0.06376
0.0
0.0
0.70999
V
300
N
301
299
321
279
D
0.20231
0.79769
V
301
N
302
300
322
280
D
0.32052
0.0
0.67948
V
302
N
303
301
323
281
D
0.33972
0.04039
0.44357
0.14565
0.0
0.03067
V
303
N
304
302
324
282
D
0.77258
0.0
0.22742
V
304
N
305
303
325
283
D
0.1424
0.15465
0.0
0.0
0.70295
V
305
N
306
304
326
284
D
0.01228
0.0
0.69675
0.01277
0.00745
0.0
0.27075
V
306
N
307
305
327
285
D
0.08938
0.46923
0.0
0.0
0.35574
0.0
0.08565
V
307
N
308
306
328
286
D
0.16423
0.0
0.0
0.0
0.0
0.0
0.83577
V
308
N
309
307
329
287
D
0.00351
0.49248
0.50401
V
309
N
310
308
330
288
D
7e-05
0.0
0.0
0.99182
2e-05
0.00414
0.00395
V
310
N
311
309
331
289
D
0.06847
0.0
0.01673
0.01064
0.04493
0.85923
V
311
N
312
310
332
290
D
0.06286
0.16982
0.042
0.01357
0.67854
0.0
0.03321
V
312
N
313
311
333
291
D
0.11345
0.0
0.88655
V
313
N
314
312
334
292
D
0.70254
0.12891
0.0
0.0
0.0
0.07784
0.09071
V
314
N
313
335
293
D
0.00366
0.0
0.71893
0.0
0.27741
V
318
N
319
297
D
0.62577
0.0
0.0
0.0
0.01167
0.0
0.36256
V
319
N
320
318
340
298
D
0.3375
0.0
0.0
0.0
0.0
0.6625
V
320
N
321
319
341
299
D
0.44037
0.0
0.0
0.0
0.38247
0.0
0.17716
V
321
N
322
320
342
300
D
0.12477
0.02017
0.27326
0.52072
0.0
0.0
0.06108
V
322
N
323
321
343
301
D
0.0062
0.0
0.63415
0.0
0.33241
0.02724
V
323
N
324
322
344
302
D
0.0463
0.00606
0.03532
0.13736
0.77496
V
324
N
325
323
345
303
D
0.40077
0.59923
V
325
N
326
324
346
304
D
0.11534
0.0
0.70368
0.0
0.0
0.0
0.18098
V
326
N
327
325
347
305
D
0.54112
0.0
0.23783
0.0
0.00111
0.0
0.21994
V
327
N
328
326
348
306
D
0.37133
0.0
0.0
0.10365
0.27458
0.25044
V
328
N
329
327
349
307
D
0.55861
0.0
0.0
0.38861
0.0
0.0
0.05278
V
329
N
330
328
350
308
D
0.60966
0.0
0.0
0.0
0.0
0.39034
V
330
N
331
329
351
309
D
0.02376
0.19329
0.31825
0.00742
0.02855
0.0
0.42873
V
331
N
332
330
352
310
D
0.57087
0.0
0.0
0.00792
0.01593
0.0
0.40528
V
332
N
333
331
353
311
D
0.13067
0.0
0.0
0.49591
0.27988
0.09354
V
333
N
334
332
354
312
D
0.13498
0.05781
0.33405
0.0
0.07522
0.03932
0.35862
V
334
N
335
333
355
313
D
0.24591
0.2327
0.52139
V
335
N
334
314
D
0.37386
0.0
0.62614
V
340
N
341
319
D
0.30523
0.06954
0.0
0.0
0.52736
0.0
0.09787
V
341
N
342
340
362
320
D
0.08382
0.08831
0.0
0.03573
0.72944
0.0
0.0627
V
342
N
343
341
363
321
D
0.07358
0.0
0.71273
0.0
0.0
0.12982
0.08387
V
343
N
344
342
364
322
D
0.22449
0.76116
0.0
0.01435
V
344
N
345
343
365
323
D
0.04185
0.34277
0.0
0.52681
0.0
0.0
0.08857
V
345
N
346
344
366
324
D
0.39096
0.0
0.0
0.40152
0.0
0.0
0.20752
V
346
N
347
345
367
325
D
0.10971
0.16246
0.67421
0.0
0.0061
0.0
0.04752
V
347
N
348
346
368
326
D
0.00752
0.19984
0.0
0.0243
0.0
0.13774
0.6306
V
348
N
349
347
369
327
D
0.13238
0.00529
0.06415
0.0826
0.26444
0.39437
0.05677
V
349
N
350
348
370
328
D
0.00757
0.0825
0.0772
0.0
0.02354
0.80919
V
350
N
351
349
371
329
D
0.0708
0.01134
0.0
0.0
0.0
0.0
0.91786
V
351
N
352
350
372
330
D
0.17425
0.0
0.0
0.0
0.0
0.82575
V
352
N
353
351
373
331
D
0.44182
0.0
0.0
0.0
0.0
0.55818
V
353
N
354
352
374
332
D
0.00122
0.00186
0.00145
0.0
0.02499
0.97048
V
354
N
355
353
375
333
D
0.09484
0.00521
0.0
0.70251
0.19744
V
355
N
354
334
D
0.22941
0.20661
0.33262
0.23136
V
362
N
363
341
D
0.00357
0.13915
0.85728
V
363
N
364
362
384
342
D
0.38418
0.0
0.0
0.0
0.0
0.36477
0.25105
V
364
N
365
363
385
343
D
0.76714
0.0
0.0
0.0
0.0
0.23286
V
365
N
366
364
386
344
D
0.15661
0.38481
0.39572
0.0
0.02692
0.03594
V
366
N
367
365
387
345
D
0.01583
0.01483
0.00501
0.89466
0.04202
0.00273
0.02492
V
367
N
368
366
388
346
D
0.03363
0.13078
0.03307
0.43757
0.00375
0.01297
0.34823
V
368
N
369
367
389
347
D
0.5878
0.0
0.41153
0.00067
V
369
N
370
368
390
348
D
0.03382
0.0
0.72232
0.03415
0.00621
0.2035
V
370
N
371
369
391
349
D
0.17535
0.0
0.82465
V
371
N
372
370
392
350
D
0.45276
0.08256
0.0
0.23408
0.0
0.0
0.2306
V
372
N
373
371
393
351
D
0.03935
0.70993
0.12541
0.0
0.0
0.12531
V
373
N
374
372
352
D
0.59704
0.00358
0.39533
0.0
0.00156
0.00249
V
374
N
375
373
395
353
D
0.10169
0.26602
0.0
0.0
0.00697
0.60163
0.02369
V
375
N
374
354
D
0.87101
0.0
0.0
0.0
0.0
0.0
0.12899
V
384
N
385
363
D
0.01098
0.0
0.0
0.0
0.81324
0.17578
V
385
N
386
384
406
364
D
0.28819
0.0
0.00063
0.20536
0.50582
V
386
N
387
385
407
365
D
0.2544
0.0
0.09101
0.65459
V
387
N
388
386
408
366
D
0.03485
0.0
0.62858
0.0
0.28174
0.05483
V
388
N
389
387
409
367
D
0.94003
0.0
0.0
0.0
0.0
0.05997
V
389
N
390
388
410
368
D
0.48271
0.0
0.0
0.51729
V
390
N
391
389
411
369
D
0.0636
0.32776
0.55069
0.05795
V
391
N
392
390
412
370
D
0.00661
0.00926
0.0
0.98413
V
392
N
393
391
413
371
D
0.28616
0.0
0.00068
0.0
0.0674
0.64576
V
393
N
392
414
372
D
0.80533
0.12102
0.0
0.03644
0.0
0.0
0.03721
V
395
N
374
D
0.51694
0.1284
0.02595
0.0
0.0783
0.0
0.25041
V
406
N
407
385
D
0.2782
0.38785
0.0
0.33395
V
407
N
408
406
386
D
0.03057
0.0
0.66004
0.01583
0.00596
0.0
0.2876
V
408
N
409
407
387
D
0.85868
0.0
0.0
0.0
0.0
0.0
0.14132
V
409
N
410
408
430
388
D
0.06299
0.0
0.0
0.64484
0.29217
V
410
N
411
409
431
389
D
0.50353
0.14023
0.0
0.07678
0.0
0.27946
V
411
N
412
410
432
390
D
0.64778
0.34554
0.0
0.0
0.00668
V
412
N
413
411
433
391
D
0.76493
0.23507
V
413
N
414
412
392
D
0.89771
0.0
0.0
0.0
0.09025
0.00396
0.00808
V
414
N
415
413
393
D
0.10196
0.18914
0.00778
0.53051
0.17061
V
415
N
414
D
0.16015
0.0
0.0
0.36364
0.47621
V
430
N
431
409
D
0.28265
0.30347
0.0
0.31488
0.099
V
431
N
432
430
410
D
0.06094
0.0
0.0
0.05138
0.0
0.0
0.88768
V
432
N
433
431
411
D
0.86143
0.03051
0.04616
0.02785
0.0
0.03405
V
433
N
432
412
D
0.39892
0.00086
0.26664
0.0
0.09594
0.23764
