i_30_1_16_FR_lak102d
16
lak102d
A
0
15
14
7
V
15
N
16
24
D
0.79918
0.0
0.20082
V
16
N
15
25
D
0.02641
0.02693
0.85321
0.0107
0.0
0.05968
0.02307
V
23
N
24
32
D
0.20634
0.0
0.07151
0.0
0.0121
0.53573
0.17432
V
24
N
25
23
33
15
D
0.17884
0.70335
0.02521
0.0926
V
25
N
24
34
16
D
0.13623
0.78797
0.00699
0.0
0.0
0.0
0.06881
V
29
N
30
38
D
0.4228
0.0
0.0
0.0
0.0
0.0
0.5772
V
30
N
31
29
39
D
0.01331
0.12462
0.08161
0.62599
0.02234
0.13213
V
31
N
32
30
40
D
0.63026
0.21002
0.0
0.15972
V
32
N
33
31
23
D
0.01317
0.08495
0.78489
0.0
0.0
0.07831
0.03868
V
33
N
34
32
24
D
0.0926
0.9074
V
34
N
33
25
D
0.01026
0.76275
0.0
0.09066
0.0
0.0
0.13633
V
36
N
45
D
0.63702
0.0
0.0
0.09762
0.26536
V
38
N
39
47
29
D
0.03619
0.0
0.53229
0.017
0.0
0.41452
V
39
N
40
38
48
30
D
0.28761
0.13621
0.0
0.0
0.57618
V
40
N
39
49
31
D
0.22996
0.32972
0.08918
0.00011
0.06193
0.265
0.0241
V
45
N
54
36
D
0.551
0.0
0.0
0.0
0.05522
0.0
0.39378
V
46
N
47
D
0.00068
0.00411
0.0
0.00711
0.01944
0.96866
V
47
N
48
46
56
38
D
0.33806
0.11483
0.0
0.0
0.03051
0.03602
0.48058
V
48
N
49
47
57
39
D
0.51378
0.0
0.0
0.0
0.48622
V
49
N
50
48
58
40
D
0.21061
0.0
0.0
0.02908
0.6957
0.06054
0.00407
V
50
N
51
49
D
0.47319
0.0
0.0
0.0
0.0
0.0
0.52681
V
51
N
52
50
D
0.00283
0.0
0.29898
0.53897
0.14042
0.0188
V
52
N
53
51
D
0.67518
0.32482
V
53
N
54
52
D
0.67305
0.00207
0.0
0.0
0.10462
0.0
0.22026
V
54
N
53
45
D
0.07642
0.01064
0.0
0.8701
0.03611
0.00673
V
56
N
57
47
D
0.03558
0.00725
0.49796
0.0059
0.45331
V
57
N
58
56
48
D
0.67639
0.0
0.0
0.0
0.0
0.32361
V
58
N
57
49
D
0.18372
0.0
0.0
0.81628
