i_30_1_14_FR_lak105d
14
lak105d
A
0
1
14
3
V
1
N
2
9
D
0.05876
0.9106
0.02189
0.0
0.0
0.0
0.00875
V
2
N
1
10
D
0.17861
0.02005
0.21944
0.39629
0.12302
0.06259
V
9
N
10
17
1
D
0.719
0.0
0.0
0.1106
0.0
0.0
0.1704
V
10
N
11
9
2
D
0.56598
0.0
0.0
0.0
0.36933
0.0
0.06469
V
11
N
12
10
19
D
0.44799
0.0
0.04927
0.50274
V
12
N
13
11
20
D
0.06246
0.09733
0.3709
0.0
0.0
0.46515
0.00416
V
13
N
14
12
21
D
0.45481
0.0
0.54519
V
14
N
13
D
0.04154
0.0
0.03152
0.65514
0.2718
V
17
N
25
9
D
0.02776
0.03306
0.0
0.93918
V
19
N
20
27
11
D
0.04508
0.0
0.00652
0.0
0.09314
0.73502
0.12024
V
20
N
21
19
28
12
D
0.12417
0.0
0.24157
0.63426
V
21
N
20
13
D
0.01552
1e-05
0.0
0.98444
0.0
0.0
3e-05
V
25
N
26
33
17
D
0.90481
0.00572
0.00302
0.0
0.0
0.0
0.08645
V
26
N
27
25
34
D
0.04603
0.00736
0.0
0.0
0.01572
0.7401
0.19079
V
27
N
28
26
35
19
D
0.01669
0.0
0.0
0.0
0.00698
0.96616
0.01017
V
28
N
27
36
20
D
0.03196
0.0
0.0
0.0
0.07882
0.88922
V
33
N
34
41
25
D
0.75754
0.0
0.16276
0.0
0.0797
V
34
N
35
33
42
26
D
0.24717
0.15199
0.0
0.0
0.13536
0.0
0.46548
V
35
N
36
34
43
27
D
0.0001
0.0
0.99896
0.00054
0.0
0.0004
V
36
N
37
35
44
28
D
0.02127
0.75996
0.0
0.21877
V
37
N
36
45
D
0.30093
0.61171
0.0
0.00413
0.0
0.08323
V
41
N
42
33
D
0.01242
0.0
0.00733
0.0
0.97902
0.0
0.00123
V
42
N
43
41
34
D
0.66064
0.0
0.0
0.0
0.33936
V
43
N
44
42
35
D
0.04026
0.0
0.0
0.26781
0.0
0.0
0.69193
V
44
N
45
43
36
D
0.02442
0.0
0.0
0.55987
0.37583
0.0
0.03988
V
45
N
46
44
37
D
0.10199
0.20934
0.0
0.68867
V
46
N
45
D
0.00155
0.00865
0.00913
0.00274
0.65502
0.32291
