i_32_2_20_FR_den408d
20
den408d
A
0
18
13
16
A
1
18
11
3
V
18
N
26
D
0.07918
0.12938
0.0
0.16874
0.59846
0.0
0.02424
V
26
N
27
18
D
0.25087
0.0
0.0
0.0
0.0
0.0
0.74913
V
27
N
26
35
D
0.04206
0.40883
0.0
0.21151
0.30982
0.0
0.02778
V
35
N
36
43
27
D
0.01095
0.0
0.32757
0.06917
0.0
0.16304
0.42927
V
36
N
35
44
D
0.06805
0.0
0.35159
0.0
0.27344
0.26438
0.04254
V
42
N
43
50
D
0.00505
0.00526
0.0
0.79043
0.14228
0.05698
V
43
N
44
42
51
35
D
0.36152
0.04691
0.53394
0.0
0.05521
0.0
0.00242
V
44
N
43
52
36
D
0.26396
0.0
0.0
0.0
0.0
0.73604
V
50
N
51
42
D
0.1002
0.0
0.0
0.0
0.87105
0.0
0.02875
V
51
N
52
50
59
43
D
0.00886
0.52532
0.0
0.02514
0.0
0.0
0.44068
V
52
N
51
60
44
D
0.44936
0.02895
0.0
0.0
0.52169
V
59
N
60
67
51
D
0.06551
0.38424
0.0
0.0
0.30379
0.24285
0.00361
V
60
N
61
59
68
52
D
0.4041
0.21606
0.18306
0.0
0.0
0.19678
V
61
N
60
D
0.89507
0.0
0.0
0.0
0.0
0.10493
V
67
N
68
75
59
D
0.82955
0.0
0.17045
V
68
N
67
76
60
D
0.02197
0.0
0.96549
0.0
0.0
0.0
0.01254
V
74
N
75
D
0.77082
0.02139
0.15283
0.0
0.05496
V
75
N
76
74
83
67
D
0.4322
0.0
0.0
0.0873
0.03496
0.15621
0.28933
V
76
N
77
75
84
68
D
0.07906
0.01013
0.42725
0.129
0.0
0.35456
V
77
N
78
76
85
D
0.003
0.02549
0.0
0.54233
0.05881
0.17214
0.19823
V
78
N
77
86
D
0.00979
0.0
0.00901
0.0
0.93308
0.04812
V
83
N
84
91
75
D
0.02653
0.0
0.97347
V
84
N
85
83
92
76
D
0.29293
0.0
0.0
0.1562
0.01932
0.53155
V
85
N
86
84
93
77
D
0.43288
0.01697
0.0
0.55015
V
86
N
85
94
78
D
0.16836
0.0
0.22728
0.0
0.1046
0.06634
0.43342
V
91
N
92
83
D
0.63731
0.36269
V
92
N
93
91
84
D
0.38279
0.0
0.0
0.02077
0.12587
0.0
0.47057
V
93
N
94
92
85
D
0.01077
0.02489
0.57802
0.09671
0.0
0.28961
V
94
N
95
93
86
D
0.68879
0.0
0.0
0.0
0.0
0.31121
V
95
N
96
94
D
0.20596
0.0
0.00156
0.16813
0.53643
0.0
0.08792
V
96
N
95
D
0.54942
0.0
0.0
0.0
0.0
0.0
0.45058
