i_32_1_18_FR_den201d
18
den201d
A
0
13
12
15
V
13
N
14
D
0.00035
0.99576
4e-05
0.0
0.00023
7e-05
0.00355
V
14
N
15
13
23
D
0.36853
0.27502
0.0632
0.25939
0.0
0.03386
V
15
N
14
24
D
0.10607
0.0
0.86972
0.0
0.02421
V
20
N
21
29
D
0.2792
0.0
0.7208
V
21
N
20
30
D
0.69437
0.0
0.30563
V
23
N
24
32
14
D
0.01079
0.0
0.07634
0.0
0.0
0.09999
0.81288
V
24
N
23
33
15
D
0.56609
0.0
0.43391
V
29
N
30
38
20
D
0.4821
0.0
0.0
0.07963
0.0
0.26929
0.16898
V
30
N
29
39
21
D
0.9863
0.00534
0.00234
0.00283
0.0
0.0
0.00319
V
32
N
33
41
23
D
0.00098
0.05498
0.77022
0.0
0.0
0.17382
V
33
N
32
42
24
D
0.16322
0.0
0.77859
0.0
0.0
0.0
0.05819
V
38
N
39
47
29
D
0.61729
0.06043
0.0
0.16158
0.1607
V
39
N
40
38
48
30
D
0.08411
0.00924
0.03747
0.86918
V
40
N
41
39
49
D
0.67176
0.0
0.0
0.32824
V
41
N
42
40
50
32
D
0.87895
0.0
0.0
0.12105
V
42
N
43
41
51
33
D
0.06213
0.91616
0.00157
0.00457
0.01557
V
43
N
42
52
D
0.06185
0.59572
0.0
0.0
0.00865
0.30211
0.03167
V
47
N
48
38
D
0.18755
0.31472
0.0
0.0
0.18624
0.0
0.31149
V
48
N
49
47
57
39
D
0.10133
0.0
0.0007
0.00171
0.18159
0.70951
0.00516
V
49
N
50
48
40
D
0.22448
0.36432
0.0
0.03136
0.37984
V
50
N
51
49
41
D
0.20785
0.31952
0.0
0.42642
0.0
0.04621
V
51
N
52
50
60
42
D
0.06573
0.04276
0.88936
0.0
0.00215
V
52
N
51
61
43
D
0.05455
0.0703
0.78495
0.0
0.0902
V
57
N
48
D
0.69948
0.0
0.0
0.0
0.0
0.0
0.30052
V
60
N
61
69
51
D
0.06923
0.08066
0.818
0.0
0.0
0.03211
V
61
N
60
70
52
D
0.04449
0.0
0.0
0.03505
0.85293
0.0
0.06753
V
63
N
72
D
0.00391
0.0
0.00675
0.98934
V
69
N
70
60
D
0.74553
0.11768
0.04994
0.0
0.08685
V
70
N
71
69
61
D
0.1459
0.7442
0.00683
0.01135
0.0
0.09172
V
71
N
72
70
D
0.31913
0.57884
0.10203
V
72
N
71
81
63
D
0.20748
0.0442
0.0
0.71436
0.03396
V
81
N
72
D
0.2446
0.00869
0.04443
0.0
0.0
0.66682
0.03546
