i_36_2_8_FR_X
8
X
A
0
1
5
3
A
1
1
5
4
V
1
N
2
7
D
0.446
0.0
0.0
V
2
N
3
1
8
D
0.0249
0.9366
0.0268
0.0
0.0
V
3
N
4
2
9
D
0.7447
0.2553
V
4
N
5
3
10
D
0.0727
0.0
0.0191
0.0
V
5
N
6
4
11
D
0.0262
0.0
0.0
V
6
N
5
12
D
0.0875
0.7029
0.1099
0.063
0.0367
V
7
N
8
13
1
D
0.0021
0.0434
0.5326
0.0
V
8
N
9
7
14
2
D
0.0147
0.0
0.018
0.0554
V
9
N
10
8
15
3
D
0.4377
0.0
0.4661
V
10
N
11
9
16
4
D
0.0008
0.079
0.0105
0.9095
0.0
V
11
N
12
10
17
5
D
0.2603
0.058
0.3848
0.0554
0.0381
0.0
V
12
N
11
18
6
D
0.005
0.0533
0.0
V
13
N
14
19
7
D
0.0122
0.0
0.0
V
14
N
15
13
20
8
D
0.2987
0.3279
0.2742
0.0
V
15
N
16
14
21
9
D
0.451
0.0
0.0
V
16
N
17
15
22
10
D
0.2047
0.292
0.0
0.0
V
17
N
18
16
23
11
D
0.0015
0.0
0.0
V
18
N
17
24
12
D
0.0584
0.0
0.0
0.0003
V
19
N
20
25
13
D
0.0671
0.9296
0.0
V
20
N
21
19
26
14
D
0.0255
0.0042
0.4435
0.5259
0.0009
V
21
N
22
20
27
15
D
0.3972
0.0
0.0312
0.0
0.0612
V
22
N
23
21
28
16
D
0.2181
0.191
0.0
V
23
N
24
22
29
17
D
0.6785
0.0
V
24
N
23
30
18
D
0.1985
0.0055
0.7193
0.0263
0.0
V
25
N
26
31
19
D
0.0376
0.0195
0.2096
0.0
0.7172
V
26
N
27
25
32
20
D
0.0139
0.0
0.0
V
27
N
28
26
33
21
D
0.5812
0.0
V
28
N
29
27
34
22
D
0.2479
0.7305
0.0
0.0
V
29
N
30
28
35
23
D
0.3042
0.0
0.0555
0.5143
V
30
N
29
36
24
D
0.441
0.0
0.1991
0.0
V
31
N
32
25
D
0.0011
0.0
0.2182
0.0
0.242
V
32
N
33
31
26
D
0.007
0.0117
0.276
0.6914
0.008
0.0
V
33
N
34
32
27
D
0.701
0.0
V
34
N
35
33
28
D
0.2737
0.0
V
35
N
36
34
29
D
0.0187
0.6927
0.2143
0.0688
0.0
V
36
N
35
30
D
0.1398
0.7875
0.0
