i_36_2_20_FR_orz107d
20
orz107d
A
0
10
12
19
A
1
10
20
11
V
10
N
11
18
D
0.01417
0.0
0.00893
0.0
0.6122
0.3647
V
11
N
12
10
19
D
0.1076
0.0
0.0
0.0
0.63548
0.25692
V
12
N
13
11
20
D
0.03937
0.32067
0.37888
0.26108
V
13
N
12
21
D
0.71548
0.08477
0.04782
0.0
0.15193
V
18
N
19
10
D
0.62892
0.1995
0.0
0.0
0.17158
V
19
N
20
18
27
11
D
0.02466
0.0
0.0
0.0
0.0
0.91799
0.05735
V
20
N
21
19
28
12
D
0.05805
0.05538
0.03606
0.0
0.52948
0.32103
V
21
N
20
29
13
D
0.59618
0.0
0.18389
0.16441
0.05543
9e-05
V
23
N
31
D
0.46677
0.03772
0.0
0.0
0.07962
0.41589
V
27
N
28
19
D
0.24829
0.0
0.0
0.22788
0.0
0.47232
0.05151
V
28
N
29
27
36
20
D
0.33359
0.0
0.0
0.0
0.0
0.0
0.66641
V
29
N
30
28
37
21
D
0.02816
0.0
0.0
0.46256
0.39643
0.11285
V
30
N
31
29
D
0.48371
0.0
0.0
0.00953
0.0059
0.0
0.50086
V
31
N
32
30
23
D
0.73733
0.0
0.0
0.26267
V
32
N
31
D
0.06076
0.55595
0.14386
0.05901
0.0
0.18042
V
36
N
37
44
28
D
0.24291
0.0
0.00813
0.0
0.3703
0.00043
0.37823
V
37
N
36
45
29
D
0.46768
0.0
0.08191
0.0
0.0
0.15899
0.29142
V
43
N
44
51
D
0.40787
0.0
0.0
0.06908
0.52305
V
44
N
45
43
52
36
D
0.29838
0.0
0.0
0.51863
0.0
0.18299
V
45
N
44
37
D
0.19256
0.0
0.0
0.45041
0.0
0.35703
V
51
N
52
59
43
D
0.70984
0.0
0.00185
0.19231
0.096
V
52
N
51
60
44
D
0.19034
0.0
0.0
0.80966
V
58
N
59
66
D
0.68095
0.0
0.0
0.0
0.0
0.0
0.31905
V
59
N
60
58
67
51
D
0.05695
0.27958
0.0
0.25457
0.18397
0.22493
V
60
N
61
59
68
52
D
0.49637
0.0
0.0
0.14058
0.36305
V
61
N
60
69
D
0.03515
0.87484
0.0
0.01824
0.00239
0.0451
0.02428
V
66
N
67
74
58
D
0.00223
0.85083
0.0
0.0
0.13988
0.0
0.00706
V
67
N
68
66
75
59
D
0.72643
0.0
0.0
0.0
0.0
0.0
0.27357
V
68
N
69
67
76
60
D
0.00196
0.0
0.00247
0.01189
0.98195
0.0
0.00173
V
69
N
68
77
61
D
0.46021
0.0
0.0
0.53979
V
74
N
75
66
D
0.15179
0.0
0.31646
0.04875
0.0
0.07475
0.40825
V
75
N
76
74
83
67
D
0.05274
0.0
0.39967
0.0
0.49431
0.0
0.05328
V
76
N
77
75
84
68
D
0.04434
0.0
0.52894
0.29233
0.09029
0.0441
V
77
N
76
69
D
0.47264
0.10012
0.0
0.0
0.00771
0.41953
V
83
N
84
75
D
0.01261
0.0
0.0
0.03682
0.93691
0.0
0.01366
V
84
N
83
76
D
0.2386
0.08743
0.0
0.0
0.64831
0.0
0.02566
