i_38_2_20_FR_den202d
20
den202d
A
0
24
15
8
A
1
24
17
4
V
24
N
34
D
0.00151
0.00126
0.20473
0.21327
0.57758
0.00165
V
30
N
40
D
0.17795
0.15008
0.45928
0.05438
0.0
0.0
0.15831
V
34
N
35
24
D
0.73091
0.03123
0.23786
V
35
N
36
34
45
D
0.08479
0.0
0.0
0.40981
0.0
0.5054
V
36
N
37
35
46
D
0.20665
0.0
0.0
0.2575
0.19658
0.33927
V
37
N
38
36
47
D
0.01332
0.0
0.00677
0.02749
0.67206
0.28036
V
38
N
39
37
48
D
0.70362
0.11855
0.08305
0.0
0.0
0.0
0.09478
V
39
N
40
38
49
D
0.039
0.0
0.00782
0.37584
0.0
0.0522
0.52514
V
40
N
39
50
30
D
0.06816
0.22811
0.0
0.0
0.70373
V
45
N
46
55
35
D
0.32373
0.59882
0.0
0.0
0.07745
V
46
N
47
45
56
36
D
0.48682
0.0
0.0
0.0
0.51318
V
47
N
48
46
57
37
D
0.33568
0.0
0.34753
0.0
0.31679
V
48
N
49
47
58
38
D
0.29501
0.17206
0.0
0.00349
0.33538
0.00025
0.19381
V
49
N
50
48
59
39
D
0.65471
0.00577
0.0
0.08624
0.01555
0.08215
0.15558
V
50
N
49
40
D
0.04311
0.0
0.23948
0.711
0.00542
0.0
0.00099
V
54
N
55
64
D
0.03612
0.02112
0.14152
0.0
0.0
0.0
0.80124
V
55
N
56
54
65
45
D
0.28866
0.0
0.56714
0.1442
V
56
N
57
55
66
46
D
0.30626
0.04728
0.0344
0.11281
0.0
0.27168
0.22757
V
57
N
58
56
67
47
D
0.58737
0.24506
0.0
0.02037
0.1472
V
58
N
59
57
68
48
D
0.10199
0.27869
0.34477
0.1445
0.0
0.0
0.13005
V
59
N
58
69
49
D
0.19512
0.77975
0.0
0.0
0.02513
V
64
N
65
74
54
D
0.56648
0.4202
0.0
0.01332
V
65
N
66
64
75
55
D
0.18461
0.0671
0.61696
0.0
0.13133
V
66
N
67
65
76
56
D
0.08986
0.0143
0.50481
0.0
0.08584
0.0
0.30519
V
67
N
68
66
77
57
D
0.03036
0.0474
0.8599
0.05643
0.0
0.0
0.00591
V
68
N
69
67
78
58
D
0.00219
0.45435
0.0
0.52891
0.01228
0.0
0.00227
V
69
N
68
79
59
D
0.21871
0.0
0.0
0.43611
0.34518
V
73
N
74
83
D
0.00549
0.00283
0.09631
0.62885
0.0
0.08094
0.18558
V
74
N
75
73
64
D
0.1562
0.4994
0.04308
0.15876
0.0
0.0
0.14256
V
75
N
76
74
85
65
D
0.00519
0.00801
0.00205
0.40743
0.0046
0.50297
0.06975
V
76
N
77
75
66
D
0.00465
0.0
0.52895
0.46546
0.0
0.0
0.00094
V
77
N
78
76
67
D
0.06239
0.79965
0.0
0.13796
V
78
N
79
77
88
68
D
0.07511
0.29653
0.0
0.14809
0.0
0.40027
0.08
V
79
N
78
69
D
0.35972
0.0628
0.00496
0.00092
0.08404
0.48756
V
83
N
73
D
0.01293
0.01387
0.0
0.0
0.64659
0.16495
0.16166
V
85
N
75
D
0.67645
0.0
0.0
0.32355
V
88
N
78
D
0.3091
0.0
0.0
0.0
0.6909
