i_40_2_24_FR_lak103d
24
lak103d
A
0
15
13
6
A
1
15
20
23
V
15
N
16
27
D
0.00075
0.00593
0.00071
0.71275
0.25632
0.01909
0.00445
V
16
N
17
15
28
D
0.27787
0.00629
0.29601
0.03779
0.01311
0.36893
V
17
N
18
16
29
D
0.29016
0.15317
0.00547
0.3599
0.0
0.163
0.0283
V
18
N
17
30
D
0.97662
0.0
0.02338
V
26
N
27
D
0.04934
0.0
0.0
0.0
0.95066
V
27
N
28
26
15
D
0.92284
0.0
0.03785
0.02653
0.0
0.0
0.01278
V
28
N
29
27
16
D
0.24624
0.0225
0.41838
0.13886
0.0
0.0
0.17402
V
29
N
30
28
17
D
0.57519
0.0
0.0
0.2052
0.0
0.0922
0.12741
V
30
N
29
42
18
D
0.00052
0.0
0.02508
0.0
0.9744
V
42
N
54
30
D
0.60747
0.0
0.08862
0.04221
0.09907
0.00472
0.15791
V
52
N
53
64
D
0.9418
0.0582
V
53
N
54
52
D
0.25308
0.0
0.35175
0.0
0.0
0.39517
V
54
N
53
66
42
D
0.29585
0.38252
0.0
0.0
0.26389
0.05774
V
64
N
76
52
D
0.6413
0.0
0.0
0.0
0.00315
0.14685
0.2087
V
66
N
54
D
0.22813
0.0
0.0
0.0
0.77187
V
75
N
76
D
0.04902
0.01054
0.02583
0.91366
0.0
0.0
0.00095
V
76
N
75
88
64
D
0.12359
0.0
0.06089
0.01739
0.06387
0.21646
0.5178
V
88
N
89
100
76
D
0.04341
0.0
0.36654
0.56672
0.0
0.02333
V
89
N
90
88
101
D
0.79677
0.0
0.0
0.0
0.20323
V
90
N
91
89
D
1e-05
1e-05
0.99925
0.0
0.00073
V
91
N
92
90
D
0.00417
0.0297
0.0
0.0
0.0
0.45216
0.51397
V
92
N
93
91
104
D
0.67858
0.0
0.0
0.0
0.0
0.0
0.32142
V
93
N
92
105
D
0.04852
0.95148
V
97
N
98
D
0.86138
0.13862
V
98
N
99
97
D
0.02754
0.46065
0.0
0.0
0.21238
0.27788
0.02155
V
99
N
100
98
D
0.07468
0.00227
2e-05
0.00044
0.0
0.92259
V
100
N
101
99
112
88
D
0.32695
0.39575
0.0
0.16945
0.10785
V
101
N
100
113
89
D
0.2233
0.0
0.0
0.7767
V
104
N
105
116
92
D
0.01658
0.11408
0.0
0.0
0.84495
0.02439
V
105
N
104
117
93
D
0.12116
0.0
0.0
0.58578
0.0
0.28718
0.00588
V
112
N
113
100
D
0.41652
0.07891
0.44684
0.00954
0.0
0.0
0.04819
V
113
N
114
112
101
D
0.13734
0.0
0.06043
0.0
0.0
0.58673
0.2155
V
114
N
115
113
D
0.0991
0.02452
0.0
0.02461
0.0
0.0
0.85177
V
115
N
116
114
D
0.9118
0.0
0.07703
0.0
0.0
0.0
0.01117
V
116
N
117
115
104
D
0.00639
0.0
0.94789
0.00065
0.0
0.00182
0.04325
V
117
N
116
105
D
0.99877
0.0
0.0
0.00109
0.0
0.0
0.00014
