i_45_3_27_FR_orz105d
27
orz105d
A
0
30
27
24
A
1
30
13
4
A
2
30
13
21
V
30
N
31
D
0.22737
0.55644
0.0
0.0
0.21619
V
31
N
30
43
D
0.19861
0.10172
0.01393
0.0
0.12857
0.55717
V
43
N
55
31
D
0.03606
0.00192
0.56988
0.0
0.26386
0.0
0.12828
V
54
N
55
D
0.26415
0.38636
0.0
0.0
0.12672
0.22277
V
55
N
56
54
67
43
D
0.00378
0.0
0.95769
0.0
0.0
0.0
0.03853
V
56
N
55
68
D
0.7115
0.07144
0.21706
V
67
N
68
79
55
D
0.15678
0.00317
0.12077
0.07805
0.00041
0.0
0.64082
V
68
N
67
80
56
D
0.14996
0.04424
0.80392
0.0
0.0
0.00134
0.00054
V
79
N
80
91
67
D
0.0232
0.02223
0.12614
0.73235
0.01816
0.07792
V
80
N
79
92
68
D
0.30625
0.0
0.0
0.09652
0.0
0.0
0.59723
V
90
N
91
102
D
0.00082
0.00615
0.0
0.2994
0.57346
0.0
0.12017
V
91
N
92
90
103
79
D
0.41178
0.0
0.02273
0.13199
0.0
0.0
0.4335
V
92
N
91
104
80
D
0.13159
0.18205
0.02652
0.2138
0.0
0.44414
0.0019
V
101
N
102
113
D
0.75883
0.0
0.0
0.0
0.0
0.24117
V
102
N
103
101
114
90
D
0.67758
0.0
0.0
0.0
0.0
0.0
0.32242
V
103
N
104
102
115
91
D
0.12809
0.0
0.0
0.51122
0.0
0.36069
V
104
N
105
103
116
92
D
0.06273
0.0
0.0
0.93727
V
105
N
104
117
D
0.13139
0.0
0.02177
0.0
0.71403
0.06688
0.06593
V
112
N
113
D
0.1809
0.00285
0.0
0.19211
0.0
0.0
0.62414
V
113
N
114
112
125
101
D
0.21562
0.0532
0.41023
0.0
0.32095
V
114
N
115
113
126
102
D
0.10651
0.0
0.0
0.53847
0.25858
0.09644
V
115
N
116
114
127
103
D
0.13932
0.0
0.00628
0.60253
0.24527
0.0
0.0066
V
116
N
117
115
128
104
D
0.01021
0.90613
0.07928
0.0
0.0
0.00438
V
117
N
116
129
105
D
0.12077
0.01541
0.0
0.43579
0.0
0.22735
0.20068
V
125
N
126
137
113
D
0.13753
0.0
0.0
0.82729
0.0
0.02117
0.01401
V
126
N
127
125
138
114
D
0.18799
0.0
0.0
0.0
0.73804
0.06309
0.01088
V
127
N
128
126
139
115
D
0.12201
0.0146
0.43339
0.021
0.0
0.4056
0.0034
V
128
N
129
127
140
116
D
0.00105
0.92711
0.07177
0.0
0.0
0.0
7e-05
V
129
N
128
117
D
0.05394
0.0
0.0
0.00457
0.00205
0.61037
0.32907
V
137
N
138
125
D
0.01793
0.0
0.0
0.0
0.01031
0.92301
0.04875
V
138
N
139
137
150
126
D
0.34011
0.0
0.0
0.05766
0.04477
0.1242
0.43326
V
139
N
140
138
151
127
D
0.0393
0.00762
0.0
0.08391
0.0
0.0
0.86917
V
140
N
139
152
128
D
0.51465
0.0
0.0
0.0
0.3171
0.12259
0.04566
V
150
N
151
162
138
D
0.07596
0.0
0.36552
0.13211
0.26662
0.0
0.15979
V
151
N
152
150
163
139
D
0.7769
0.0
0.06877
0.0
0.15433
V
152
N
151
164
140
D
0.00584
0.08656
0.03612
0.0
0.00087
0.0
0.87061
V
162
N
163
174
150
D
0.06287
0.6182
0.27098
0.0
0.0
0.0
0.04795
V
163
N
164
162
175
151
D
0.00144
0.08351
0.00116
0.0
0.0
2e-05
0.91387
V
164
N
163
176
152
D
0.52739
0.0
0.47261
V
173
N
174
D
0.69795
0.0
0.01288
0.0
0.02681
0.19431
0.06805
V
174
N
175
173
162
D
0.24121
0.0
0.22459
0.02423
0.48529
0.01119
0.01349
V
175
N
176
174
163
D
0.20455
0.0
0.61932
0.107
0.02515
0.04398
V
176
N
175
164
D
0.46523
0.0
0.0
0.0
0.15582
0.0
0.37895
