i_46_2_22_FR_orz102d
22
orz102d
A
0
38
11
5
A
1
38
15
3
V
38
N
49
D
0.50526
0.48219
0.0
0.0
0.01255
V
46
N
47
D
0.79321
0.04287
0.0
0.0
0.13622
0.0
0.0277
V
47
N
48
46
58
D
0.03437
0.0
0.0
0.01842
0.27554
0.67167
V
48
N
49
47
59
D
0.26245
0.0
0.30947
0.38264
0.0
0.04544
V
49
N
48
60
38
D
0.26835
0.0
0.31056
0.42109
V
52
N
53
63
D
0.06138
0.10096
0.24643
0.0
0.59123
V
53
N
52
64
D
0.21389
0.17831
0.0
0.0
0.0
0.16852
0.43928
V
58
N
59
69
47
D
0.39072
0.0
0.0
0.0
0.60928
V
59
N
60
58
70
48
D
0.05974
0.03091
0.0
0.0
0.90935
V
60
N
61
59
71
49
D
0.11106
0.83581
0.03746
0.0
0.01567
V
61
N
62
60
72
D
0.15793
0.5936
0.0
0.01989
0.04921
0.17144
0.00793
V
62
N
63
61
73
D
0.26103
0.0
0.42904
0.0
0.0
0.0
0.30993
V
63
N
64
62
52
D
0.04026
0.04293
0.01318
0.0
0.76148
0.13908
0.00307
V
64
N
65
63
53
D
0.06915
0.0
0.0
0.52086
0.0
0.0
0.40999
V
65
N
66
64
76
D
0.30387
0.18415
0.36249
0.12624
0.02325
V
66
N
65
77
D
0.06584
0.93142
0.0
0.0
0.00144
0.0013
V
69
N
70
80
58
D
0.01785
0.19505
0.0
0.0
0.0
0.0
0.7871
V
70
N
71
69
81
59
D
0.08261
0.0
0.0
0.0
0.0
0.68196
0.23543
V
71
N
72
70
82
60
D
0.79703
0.0
0.20297
V
72
N
73
71
83
61
D
0.64669
0.35331
V
73
N
72
84
62
D
0.01536
0.25054
0.06114
0.00707
0.66301
0.0
0.00288
V
76
N
77
87
65
D
0.05332
0.0
0.58581
0.0
0.0
0.36087
V
77
N
76
88
66
D
0.97562
0.0
0.0
0.02438
V
79
N
80
D
0.23995
0.0
0.47762
0.0
0.0
0.0
0.28243
V
80
N
81
79
91
69
D
0.42549
0.0
0.10921
0.07223
0.39307
V
81
N
82
80
92
70
D
0.69492
0.0004
5e-05
0.0677
0.2103
0.0
0.02663
V
82
N
83
81
71
D
0.09134
0.0
0.03584
0.87282
V
83
N
84
82
72
D
0.25931
0.41121
0.03949
0.0
0.0
0.28999
V
84
N
85
83
73
D
0.36265
0.2816
0.16465
0.0
0.00666
0.10807
0.07637
V
85
N
86
84
D
0.02198
0.0
0.0
0.0
0.97802
V
86
N
87
85
D
0.95484
0.02236
0.00592
0.00183
0.0
0.01163
0.00342
V
87
N
88
86
76
D
0.7213
0.0
0.0
0.0
0.2787
V
88
N
87
77
D
0.33951
0.0
0.0
0.0
0.20945
0.45104
V
91
N
92
102
80
D
0.35192
0.0
0.0
0.0
0.0
0.0
0.64808
V
92
N
91
103
81
D
0.14082
0.0
0.85918
V
101
N
102
112
D
0.16978
0.10455
0.12748
0.0
0.19074
0.0
0.40745
V
102
N
103
101
113
91
D
0.47728
0.0
0.13611
0.38661
V
103
N
104
102
114
92
D
0.7339
0.0
0.0
0.0
0.0
0.2661
V
104
N
103
115
D
0.08401
0.0
0.0
0.00031
0.0
0.39616
0.51952
V
112
N
113
101
D
0.00823
0.0
0.0
0.04287
0.001
0.9479
V
113
N
114
112
102
D
0.25992
0.0
0.29371
0.29721
0.0
0.0
0.14916
V
114
N
115
113
103
D
0.06871
0.02134
0.01583
0.84627
0.0
0.04785
V
115
N
114
104
D
0.87751
0.0
0.12249
