i_49_2_21_FR_den207d
21
den207d
A
0
12
20
4
A
1
12
20
13
V
12
N
21
D
0.1405
0.65777
0.0
0.12751
0.00114
0.07308
V
14
N
15
23
D
0.37919
0.0
0.0
0.0
0.62081
V
15
N
16
14
24
D
0.87724
0.0
0.0
0.12276
V
16
N
15
25
D
0.72007
0.0
0.0
0.0
0.0
0.0
0.27993
V
21
N
22
30
12
D
0.22297
0.02254
0.0
0.0
0.0
0.01814
0.73635
V
22
N
23
21
31
D
0.04846
0.62123
0.15801
0.0
0.1723
V
23
N
24
22
32
14
D
0.07082
0.92918
V
24
N
25
23
33
15
D
0.07101
0.0
0.18479
0.0
0.24196
0.04663
0.45561
V
25
N
24
34
16
D
0.36288
0.02693
0.0
0.0
0.6023
0.0
0.00789
V
30
N
31
21
D
0.62414
0.0
0.0
0.0
0.0
0.37586
V
31
N
32
30
22
D
0.05454
0.34109
0.45887
0.01653
0.10916
0.00991
0.0099
V
32
N
33
31
41
23
D
0.38768
0.04634
0.0
0.0
0.00056
0.31921
0.24621
V
33
N
34
32
42
24
D
0.25486
0.27501
0.0
0.0
0.38033
0.0898
V
34
N
33
43
25
D
0.46861
0.11748
0.2085
0.0
0.0
0.20541
V
41
N
42
50
32
D
0.42573
0.03644
0.0
0.0
0.33417
0.20366
V
42
N
43
41
51
33
D
0.13049
0.0
0.81814
0.05137
V
43
N
44
42
52
34
D
0.0207
0.0
0.0
0.9793
V
44
N
45
43
D
0.62423
0.0
0.0
0.34567
0.0
0.00685
0.02325
V
45
N
44
D
0.73769
0.0
0.00135
0.05725
0.00763
0.19608
V
48
N
49
D
0.9706
0.0
0.0
0.0294
V
49
N
50
48
D
0.1865
0.0
0.0
0.0
0.8135
V
50
N
51
49
41
D
0.08367
0.11422
0.0
0.0
0.26486
0.34434
0.19291
V
51
N
52
50
60
42
D
0.17112
0.00663
0.05609
0.72114
0.01191
0.02509
0.00802
V
52
N
51
43
D
0.09714
0.47879
0.11484
0.30923
V
60
N
69
51
D
0.20429
0.56686
0.0
0.0
0.0
0.22885
V
69
N
70
78
60
D
0.00731
0.0
0.0
0.0
0.0
0.9112
0.08149
V
70
N
69
79
D
0.08235
0.04435
0.11822
0.32641
0.35064
0.07803
V
78
N
79
87
69
D
0.18311
0.0869
0.0
0.36809
0.3619
V
79
N
80
78
88
70
D
0.38587
0.43322
0.0
0.0
0.0
0.0
0.18091
V
80
N
81
79
89
D
0.79411
0.0
0.0
0.20589
V
81
N
80
90
D
0.19509
0.52771
0.0
0.07579
0.0
0.20141
V
87
N
88
96
78
D
0.68935
0.09028
0.1921
0.02392
0.00322
0.00113
V
88
N
89
87
97
79
D
0.46607
0.0
0.0
0.0
0.0
0.53393
V
89
N
90
88
98
80
D
0.51394
0.0
0.0
0.0
0.0
0.27724
0.20882
V
90
N
89
99
81
D
0.19015
0.00352
0.0
0.45916
0.00306
0.34411
V
91
N
92
D
0.36018
0.0
0.0
0.12639
0.3449
0.16853
V
92
N
93
91
101
D
0.17116
0.0
0.0
0.23065
0.23453
0.13358
0.23008
V
93
N
94
92
102
D
0.24452
0.0
0.0
0.0
0.0
0.75548
V
94
N
95
93
103
D
0.05854
0.0
0.0
0.0
0.0
0.94146
V
95
N
96
94
104
D
0.29588
0.50292
0.0
0.0
0.2012
V
96
N
97
95
105
87
D
0.23029
0.06366
0.17796
0.42228
0.09952
0.0
0.00629
V
97
N
98
96
88
D
0.23142
0.0
0.0
0.07758
0.56474
0.12626
V
98
N
99
97
89
D
0.21863
0.0
0.62226
0.0
0.0
0.02335
0.13576
V
99
N
98
90
D
0.0187
0.14153
0.04955
0.0
0.46312
0.0
0.3271
V
101
N
102
92
D
0.12775
0.65878
0.0
0.0
0.03681
0.03647
0.14019
V
102
N
103
101
93
D
0.45244
0.54756
V
103
N
104
102
94
D
0.33091
0.0
0.34529
0.0
0.0
0.30459
0.01921
V
104
N
105
103
95
D
0.97885
0.00013
0.01196
0.0
0.0002
0.00886
V
105
N
104
96
D
0.51951
0.21322
0.03547
0.10708
0.02704
0.0
0.09768
