i_49_2_23_FR_orz201d
23
orz201d
A
0
15
22
22
A
1
15
11
3
V
15
N
27
D
0.7057
0.04038
0.0
0.0
0.0
0.0
0.25392
V
17
N
18
29
D
0.22714
0.0
0.3309
0.0
0.0
0.09117
0.35079
V
18
N
17
30
D
0.1377
0.83754
0.0
0.02476
V
21
N
33
D
0.5026
0.4974
V
26
N
27
38
D
0.82831
0.17169
V
27
N
28
26
39
15
D
0.00231
0.66715
0.00667
0.15782
0.16605
V
28
N
29
27
D
0.1302
0.0
0.0
0.8698
V
29
N
30
28
41
17
D
0.20071
0.0
0.59435
0.0
0.0
0.0
0.20494
V
30
N
29
42
18
D
0.08099
0.0
0.1479
0.21169
0.01441
0.36564
0.17937
V
33
N
34
45
21
D
0.03214
0.0179
0.01289
0.20871
0.0
0.72836
V
34
N
33
46
D
0.00331
0.32273
0.67291
0.0
0.0
0.0
0.00105
V
38
N
39
26
D
0.84033
0.0
0.0
0.15967
V
39
N
38
27
D
0.24278
0.0
0.20337
0.5388
0.01505
V
41
N
42
53
29
D
0.85109
0.07186
0.0
0.0
0.07705
V
42
N
43
41
54
30
D
0.57544
0.0
0.38079
0.04377
V
43
N
44
42
55
D
0.06552
0.0
0.0
0.01857
0.01159
0.36392
0.5404
V
44
N
45
43
56
D
0.53662
0.0
0.0
0.0
0.0
0.46338
V
45
N
46
44
57
33
D
0.47176
0.0
0.23084
0.0
0.22979
0.0
0.06761
V
46
N
45
34
D
0.46083
0.0
0.0
0.0
0.0
0.53917
V
52
N
53
D
0.30587
0.0
0.20495
0.0
0.12323
0.14631
0.21964
V
53
N
54
52
41
D
0.63472
0.0
0.09367
0.06019
0.0
0.0
0.21142
V
54
N
55
53
42
D
0.79476
0.0
0.0
0.0
0.0
0.0
0.20524
V
55
N
56
54
67
43
D
0.64213
0.21092
0.0
0.03926
0.0
0.0
0.10769
V
56
N
57
55
44
D
0.0802
0.04971
0.46427
0.26331
0.12765
0.0
0.01486
V
57
N
56
45
D
0.62923
0.0
0.0
0.0
0.0
0.0
0.37077
V
67
N
79
55
D
0.00298
0.0
0.01985
0.93598
0.04119
V
78
N
79
90
D
0.66265
0.0
0.0
0.0
0.33735
V
79
N
80
78
91
67
D
0.58149
0.0
0.0856
0.22532
0.10759
V
80
N
79
92
D
0.03677
0.0
0.8343
0.0
0.04255
0.08638
V
90
N
91
102
78
D
0.07579
0.77488
0.0
0.08486
0.00776
0.05671
V
91
N
92
90
103
79
D
0.01152
0.0
0.59176
0.35499
0.0
0.04173
V
92
N
91
104
80
D
0.25589
0.65896
0.0
0.03897
0.0
0.04618
V
94
N
106
D
0.87606
0.10568
0.00106
0.0
0.0172
V
101
N
102
D
0.11596
0.0
0.0
0.0
0.0
0.0
0.88404
V
102
N
103
101
114
90
D
0.3301
0.0
0.43894
0.15286
0.04763
0.03047
V
103
N
104
102
115
91
D
0.1143
0.0
0.24344
0.0
0.60137
0.04089
V
104
N
103
116
92
D
0.7752
0.0
0.0
0.0
0.0
0.2248
V
106
N
118
94
D
0.06124
0.14612
0.07645
0.2213
0.49489
V
114
N
115
126
102
D
0.5308
0.0
0.00067
0.06328
0.0
0.40525
V
115
N
116
114
127
103
D
0.13613
0.0
0.00257
0.34846
0.4966
0.01624
V
116
N
117
115
128
104
D
0.23808
0.01407
0.16031
0.0
0.0
0.58754
V
117
N
118
116
129
D
0.38433
0.61567
V
118
N
117
130
106
D
0.04985
0.0
0.0
0.0
0.0
0.95015
V
125
N
126
D
0.24176
0.24366
0.07437
0.25455
0.0
0.13542
0.05024
V
126
N
127
125
114
D
0.06419
0.00602
0.66142
0.03582
0.0
0.19276
0.03979
V
127
N
128
126
115
D
0.02742
0.10958
0.0
0.0
0.0
0.0
0.863
V
128
N
129
127
116
D
0.22832
0.75405
0.01763
V
129
N
130
128
117
D
0.05631
0.0
0.94369
V
130
N
129
118
D
0.12602
0.0
0.0
0.84681
0.02717
