i_50_2_24_FR_hrt002d
24
hrt002d
A
0
16
17
16
A
1
16
22
14
V
16
N
17
28
D
0.90275
0.0
0.0
0.08923
0.0
0.0
0.00802
V
17
N
18
16
29
D
0.07797
0.85358
0.0
0.0
0.04512
0.02333
V
18
N
19
17
D
0.56515
0.0
0.23675
0.0
0.0
0.01825
0.17985
V
19
N
20
18
D
0.08102
0.0
0.91898
V
20
N
19
D
0.38284
0.0
5e-05
0.04841
0.23426
0.33444
V
28
N
29
40
16
D
0.00104
0.00025
0.55066
0.02369
0.16709
0.25727
V
29
N
28
41
17
D
0.17894
0.40897
0.41209
V
40
N
41
52
28
D
0.04959
0.0
0.0
0.0
0.76254
0.18787
V
41
N
42
40
29
D
0.03243
0.01408
0.06925
0.0071
0.0
0.86689
0.01025
V
42
N
41
D
0.07084
0.3122
0.0
0.61696
V
52
N
64
40
D
0.07821
0.46079
0.13572
0.0
0.22085
0.10443
V
64
N
76
52
D
0.13943
0.01496
0.0
0.36884
0.0
0.39912
0.07765
V
66
N
67
78
D
0.10797
0.0
0.03428
0.68084
0.17691
V
67
N
68
66
79
D
0.04586
0.0
0.07718
0.19478
0.56899
0.0
0.11319
V
68
N
67
80
D
0.47001
0.10166
0.0
0.0
0.0
0.29675
0.13158
V
74
N
75
86
D
0.16689
0.01221
0.13219
0.68871
V
75
N
76
74
87
D
0.5457
0.05483
0.0
0.00846
0.3418
0.0
0.04921
V
76
N
77
75
88
64
D
0.25517
0.0
0.0
0.0
0.0
0.74483
V
77
N
78
76
89
D
0.69427
0.00342
0.29936
0.00011
0.0
0.00284
V
78
N
79
77
90
66
D
0.34379
0.0
0.0
0.0
0.0
0.65621
V
79
N
80
78
67
D
0.00399
0.02522
0.01399
0.78072
0.10596
0.0
0.07012
V
80
N
79
92
68
D
0.13545
0.0
0.08494
0.76659
0.0
0.01302
V
85
N
86
D
0.30291
0.0
0.39723
0.0
0.24575
0.0
0.05411
V
86
N
87
85
98
74
D
0.0289
0.0067
0.0
0.9644
V
87
N
88
86
99
75
D
0.12898
0.0
0.0
0.21915
0.60798
0.0
0.04389
V
88
N
89
87
100
76
D
0.6902
0.02227
0.06025
0.22728
V
89
N
90
88
101
77
D
0.30885
0.0
0.20653
0.10496
0.04479
0.20712
0.12775
V
90
N
89
102
78
D
0.36283
0.05527
0.0
0.01835
0.0
0.11974
0.44381
V
92
N
104
80
D
0.35815
0.0
0.0
0.23425
0.29714
0.11046
V
98
N
99
86
D
0.02163
0.0167
0.0259
0.0
0.11264
0.0
0.82313
V
99
N
100
98
87
D
0.06347
0.93653
V
100
N
101
99
112
88
D
0.00281
0.31142
0.00571
0.0
0.0
0.53899
0.14107
V
101
N
102
100
89
D
0.70702
0.0
0.0
0.0
0.0
0.29298
V
102
N
103
101
114
90
D
0.18647
0.23863
0.16268
0.12287
0.0
0.02342
0.26593
V
103
N
104
102
115
D
0.458
0.04067
0.0
0.02399
0.22789
0.24945
V
104
N
103
116
92
D
0.85089
0.0
0.08552
0.0
0.06359
V
112
N
124
100
D
0.03868
0.0
0.8541
0.07508
0.03214
V
114
N
115
126
102
D
0.74509
0.0
0.24493
0.0
0.00998
V
115
N
116
114
127
103
D
0.07049
0.0
0.0
0.00652
0.0
0.92299
V
116
N
115
104
D
0.29962
0.0
0.0
0.32284
0.0
0.0
0.37754
V
124
N
125
112
D
0.08929
0.0
0.0
0.8321
0.01409
0.0
0.06452
V
125
N
126
124
D
0.01634
0.0
0.2224
0.55178
0.0
0.20948
V
126
N
127
125
138
114
D
0.02306
0.87588
0.01078
0.09028
V
127
N
126
115
D
0.19232
0.04906
0.0
0.0
0.0
0.0
0.75862
V
138
N
126
D
0.06119
0.0
0.67678
0.18681
0.0
0.07481
0.00041
