i_54_6_63_FR_lak526d
63
lak526d
A
0
150
35
50
A
1
150
63
21
A
2
150
46
38
A
3
150
36
33
A
4
150
35
34
A
5
150
38
55
V
150
N
151
182
D
0.13411
0.86589
V
151
N
150
D
0.18531
0.73014
0.0
0.08455
V
182
N
214
150
D
0.15535
0.0
0.0
0.09816
0.05708
0.05092
0.63849
V
214
N
215
246
182
D
0.00146
0.36982
0.0
0.56562
0.0631
V
215
N
214
247
D
0.56155
0.0
0.0
0.00606
0.0
0.02685
0.40554
V
246
N
247
278
214
D
0.54603
0.0
0.0
0.13083
0.0
0.32314
V
247
N
246
279
215
D
0.41963
0.0
0.01511
0.0
0.0
0.02182
0.54344
V
278
N
279
246
D
0.06753
0.02311
0.0
0.0
0.03695
0.01036
0.86205
V
279
N
278
311
247
D
0.3263
0.04322
0.04246
0.0
0.33735
0.25067
V
311
N
312
279
D
0.03201
0.0
0.0
0.27555
0.68706
0.0
0.00538
V
312
N
311
344
D
0.14076
0.00984
0.0
0.47878
0.13929
0.0
0.23133
V
344
N
376
312
D
0.02877
0.20829
0.38913
0.0
0.0
0.0
0.37381
V
375
N
376
407
D
0.18309
0.69609
0.08565
0.0
0.0
0.02114
0.01403
V
376
N
375
408
344
D
0.0366
0.0
0.0067
0.01016
0.94654
V
406
N
407
D
0.10566
0.26332
0.0
0.0
0.05641
0.31165
0.26296
V
407
N
408
406
439
375
D
0.28196
0.0
0.0
0.0
0.0
0.0
0.71804
V
408
N
407
440
376
D
0.34765
0.65235
V
439
N
440
407
D
0.21822
0.0
0.0
0.78178
V
440
N
439
472
408
D
0.10432
0.0
0.04616
0.03784
0.78863
0.0
0.02305
V
466
N
467
498
D
0.15391
0.11297
0.04509
0.0
0.0
0.21239
0.47564
V
467
N
468
466
499
D
0.55506
0.44261
0.0
0.00233
V
468
N
467
500
D
0.34609
0.0
0.02655
0.20832
0.0
0.41904
V
472
N
473
504
440
D
0.15847
0.23545
0.0
0.60608
V
473
N
472
D
0.24469
0.368
0.0
0.0
0.38731
V
498
N
499
466
D
0.00439
0.0
0.10659
0.29271
0.59631
V
499
N
500
498
467
D
0.40967
0.29958
0.0
0.29075
V
500
N
499
532
468
D
0.14898
0.0
0.0
0.0
0.0
0.85102
V
504
N
536
472
D
0.31017
0.134
0.0
0.13611
0.0
0.41972
V
532
N
564
500
D
0.03752
0.0
0.13285
0.0
0.82963
V
536
N
568
504
D
0.35578
0.30354
0.28982
0.0
0.0
0.04911
0.00175
V
564
N
565
596
532
D
0.02683
0.0
0.60475
0.0
0.35871
0.00971
V
565
N
566
564
597
D
0.98067
0.0
0.0
0.0
0.0
0.01933
V
566
N
567
565
D
0.40627
0.0
0.0
0.0
0.59373
V
567
N
568
566
D
0.14175
0.0
0.00317
0.0
0.0
0.15805
0.69703
V
568
N
569
567
600
536
D
0.55879
0.0
0.0
0.0
0.08785
0.35336
V
569
N
568
601
D
0.03716
0.0
0.04205
0.0
0.08267
0.0
0.83812
V
596
N
597
628
564
D
0.67547
0.0
0.0
0.0
0.32453
V
597
N
596
565
D
0.07209
0.53574
0.0
0.03612
0.0
0.14274
0.21331
V
600
N
601
632
568
D
0.02071
0.74442
0.0
0.05222
0.0
0.18265
V
601
N
602
600
633
569
D
0.0125
0.0
0.11681
0.00485
0.0
0.8657
0.00014
V
602
N
601
634
D
0.15115
0.0
0.05687
0.0
0.0
0.79198
V
628
N
660
596
D
0.63032
0.16442
0.0
0.1545
0.00429
0.0
0.04647
V
632
N
633
600
D
0.39557
0.0
0.03618
0.56825
V
633
N
634
632
601
D
0.81169
0.0
0.18831
V
634
N
635
633
602
D
0.0002
0.78112
0.03173
0.18668
0.0
0.00027
V
635
N
636
634
D
0.37596
0.0
0.0
0.62404
V
636
N
635
668
D
0.18855
0.0
0.47323
0.0
0.0
0.03078
0.30744
V
660
N
661
628
D
0.02512
0.97488
V
661
N
660
693
D
0.04006
0.0
0.1776
0.0
0.0
0.24709
0.53525
V
668
N
669
636
D
0.21223
0.0
0.0
0.0
0.0
0.16075
0.62702
V
669
N
668
D
0.64733
0.0
0.0
0.13688
0.0
0.21579
V
693
N
661
D
0.79913
0.0
0.20087
