i_54_2_20_FR_lak104d
20
lak104d
A
0
12
10
8
A
1
12
10
20
V
12
N
13
22
D
0.22302
0.0
0.0
0.28569
0.0
0.18561
0.30568
V
13
N
14
12
23
D
0.10554
0.11427
0.29019
0.35965
0.0
0.0613
0.06905
V
14
N
15
13
24
D
0.00041
0.0012
0.15394
0.0
0.84288
0.0
0.00157
V
15
N
16
14
25
D
0.32456
0.03787
0.11033
0.0
0.0
0.02822
0.49902
V
16
N
15
26
D
0.90465
0.00218
0.0
0.0
0.09317
V
22
N
23
32
12
D
0.75179
0.0
0.24136
0.0
0.0
0.00685
V
23
N
24
22
33
13
D
0.37161
0.0
0.0
0.0
0.62839
V
24
N
25
23
14
D
0.33811
0.0
0.0
0.25035
0.41154
V
25
N
26
24
35
15
D
0.01102
0.0
0.13616
0.02152
0.0
0.10264
0.72866
V
26
N
25
36
16
D
0.7384
0.0
0.0
0.2616
V
32
N
33
42
22
D
0.16134
0.0
0.04476
0.14941
0.38078
0.26371
V
33
N
32
43
23
D
0.51744
0.0
0.0
0.0
0.12197
0.28521
0.07538
V
35
N
36
45
25
D
0.07453
0.88622
0.0
0.0
0.03925
V
36
N
37
35
46
26
D
0.55716
0.37677
0.06607
V
37
N
36
D
0.01093
0.0
0.0
0.22479
0.0
0.76428
V
42
N
43
52
32
D
0.0789
0.0
0.74589
0.0
0.0111
0.02436
0.13975
V
43
N
44
42
53
33
D
0.80638
0.0
0.00709
0.0
0.18653
V
44
N
45
43
54
D
0.08074
0.23951
0.0
0.45753
0.01378
0.20844
V
45
N
46
44
55
35
D
0.27712
0.3969
0.0
0.32598
V
46
N
45
56
36
D
0.28138
0.26193
0.0
0.26793
0.05338
0.0
0.13538
V
52
N
53
42
D
0.36765
0.0
0.46261
0.0
0.0
0.0
0.16974
V
53
N
54
52
43
D
0.84106
0.0
0.0
0.01333
0.0
0.09197
0.05364
V
54
N
55
53
64
44
D
0.00777
0.01417
0.01218
0.0
0.23749
0.04777
0.68062
V
55
N
56
54
45
D
0.10081
0.0
0.09081
0.77658
0.0318
V
56
N
57
55
46
D
0.02603
0.0
0.0
0.0
0.02182
0.95215
V
57
N
58
56
D
0.36849
0.0
0.0
0.0
0.63151
V
58
N
59
57
68
D
0.21702
0.0
0.0
0.0
0.0
0.0
0.78298
V
59
N
60
58
69
D
0.10719
0.0
0.28816
0.60465
V
60
N
59
D
0.00317
0.0166
0.0
0.96111
0.0006
0.01121
0.00731
V
64
N
74
54
D
0.53082
0.0
0.09279
0.05141
0.23373
0.02286
0.06839
V
68
N
69
78
58
D
0.68786
0.0
0.03808
0.0
0.27406
V
69
N
68
79
59
D
0.01011
0.0
0.00097
0.01742
0.21948
0.70246
0.04956
V
73
N
74
83
D
0.00456
0.00638
0.0
0.9197
0.06784
0.00152
V
74
N
75
73
84
64
D
0.03086
0.0
0.0
0.0
0.87928
0.0
0.08986
V
75
N
76
74
85
D
0.62857
0.17717
0.18863
0.0
0.00563
V
76
N
75
86
D
9e-05
0.05356
0.0
0.00037
0.0
0.0113
0.93468
V
78
N
79
88
68
D
0.19962
0.0
0.41175
0.11516
0.0
0.0
0.27347
V
79
N
78
89
69
D
0.33574
0.08185
0.0
0.58241
V
82
N
83
D
0.26391
0.0
0.73609
V
83
N
84
82
93
73
D
0.27467
0.0076
0.44076
0.03704
0.05477
0.03067
0.15449
V
84
N
85
83
94
74
D
0.15288
0.0
0.0
0.0
0.0
0.0
0.84712
V
85
N
86
84
95
75
D
0.77698
0.0
0.12146
0.0
0.06919
0.03237
V
86
N
85
96
76
D
0.36954
0.0
0.0
0.63046
V
88
N
89
98
78
D
0.84385
0.0
0.15615
V
89
N
90
88
99
79
D
0.46877
0.0
0.00253
0.09258
0.0
0.17206
0.26406
V
90
N
89
100
D
0.11593
0.01846
0.0483
0.30793
0.0
0.11991
0.38947
V
93
N
94
83
D
0.08627
0.02279
0.0
0.0
0.06046
0.83048
V
94
N
95
93
84
D
0.85342
0.0
0.0
0.14658
V
95
N
96
94
85
D
0.37396
0.0
0.0
0.19303
0.02671
0.4063
V
96
N
97
95
86
D
0.71645
0.14684
0.0
0.037
0.01911
0.0
0.0806
V
97
N
98
96
D
0.33671
0.0
0.0
0.0
0.13981
0.0
0.52348
V
98
N
99
97
88
D
0.01202
0.10005
0.0
0.0
0.0
0.01235
0.87558
V
99
N
100
98
89
D
0.31201
0.0
0.00012
0.0
0.01566
0.0
0.67221
V
100
N
99
90
D
0.14994
0.77089
0.06516
0.0
0.00582
0.0
0.00819
