i_55_2_22_FR_den407d
22
den407d
A
0
14
13
7
A
1
14
22
7
V
14
N
22
D
0.75354
0.0
0.01048
0.0
0.0
0.23598
V
21
N
22
29
D
0.04066
0.0
0.60463
0.02472
0.0
0.0
0.32999
V
22
N
23
21
30
14
D
0.60536
0.10014
0.2945
V
23
N
24
22
31
D
0.04062
0.0
0.00119
0.0
0.03876
0.18959
0.72984
V
24
N
23
D
0.24456
0.32139
0.0
0.00401
0.04312
0.38692
V
29
N
30
37
21
D
0.15582
0.0
0.0
0.33548
0.0
0.5087
V
30
N
31
29
38
22
D
0.77471
0.0
0.0
0.22529
V
31
N
30
39
23
D
0.16882
0.0
0.14557
0.0
0.0
0.0
0.68561
V
37
N
38
29
D
0.16099
0.0
0.0
0.57972
0.0
0.10988
0.14941
V
38
N
39
37
46
30
D
6e-05
0.0
0.0
0.0
4e-05
0.9999
V
39
N
40
38
47
31
D
0.0111
0.0
0.00316
0.0
0.98498
0.00076
V
40
N
39
48
D
0.90572
0.00953
0.0
0.01304
0.05537
0.01114
0.0052
V
46
N
47
54
38
D
0.29601
0.0
0.0
0.04314
0.44091
0.14406
0.07588
V
47
N
48
46
55
39
D
0.17666
0.0
0.196
0.57182
0.05044
0.0
0.00508
V
48
N
47
56
40
D
0.33232
0.03331
0.0
0.0
0.00922
0.43518
0.18997
V
54
N
55
62
46
D
0.85728
0.0
0.0
0.0
0.0
0.14272
V
55
N
56
54
63
47
D
0.16849
0.0
0.04897
0.0
0.27771
0.3232
0.18163
V
56
N
55
64
48
D
0.28525
0.37651
0.10389
0.0206
0.0
0.00457
0.20918
V
58
N
59
D
0.9644
0.0
0.0
0.0
0.0
0.0
0.0356
V
59
N
60
58
67
D
0.03432
0.0
0.0
0.04124
0.75487
0.15176
0.01781
V
60
N
61
59
68
D
0.99722
0.0
0.0
0.0
0.00278
V
61
N
62
60
69
D
0.18603
0.35922
0.0
0.0
0.45475
V
62
N
63
61
70
54
D
0.25592
0.03715
0.43219
0.11905
0.0
0.0
0.15569
V
63
N
64
62
55
D
0.20718
0.10256
0.0
0.44057
0.0
0.0
0.24969
V
64
N
63
56
D
0.0797
0.77727
0.0
0.0
0.1426
0.0
0.00043
V
67
N
68
75
59
D
0.04971
0.22664
0.01779
0.12224
0.53158
0.05204
V
68
N
69
67
76
60
D
0.12552
0.0
0.83413
0.04035
V
69
N
70
68
77
61
D
0.51469
0.0
0.0
0.0
0.1867
0.0
0.29861
V
70
N
69
78
62
D
0.00148
0.2918
0.05054
0.58469
0.0
0.06821
0.00328
V
75
N
76
83
67
D
0.30726
0.0
0.05741
0.49168
0.0
0.13368
0.00997
V
76
N
77
75
68
D
0.49981
0.15402
0.0
0.0
0.34617
V
77
N
78
76
69
D
0.06203
0.0042
0.14333
0.01881
0.09929
0.0
0.67234
V
78
N
79
77
86
70
D
0.01776
0.00049
0.92311
0.00078
0.0
0.05786
V
79
N
80
78
87
D
0.11159
0.11588
0.76246
0.01007
V
80
N
79
88
D
0.10454
0.0
0.0
0.0
0.89546
V
83
N
91
75
D
0.60523
0.0
0.39477
V
86
N
87
94
78
D
0.05085
0.0
0.0
0.78631
0.04181
0.02803
0.093
V
87
N
88
86
95
79
D
0.03923
0.62916
0.0
0.0
0.0
0.33161
V
88
N
87
96
80
D
0.1267
0.56493
0.00214
0.0
0.05366
0.25257
V
90
N
91
98
D
0.64444
0.0052
0.00149
0.0
0.25638
0.0
0.09249
V
91
N
92
90
99
83
D
0.0234
0.0
0.44845
0.19073
0.0
0.28452
0.0529
V
92
N
93
91
100
D
0.38573
0.0
0.0
0.0
0.0
0.55409
0.06018
V
93
N
94
92
101
D
0.50721
0.0
0.33146
0.0
0.0
0.0
0.16133
V
94
N
95
93
102
86
D
0.00165
0.0
0.40508
0.55454
0.0
0.03873
V
95
N
96
94
103
87
D
0.70802
0.0
0.0
0.0
0.0
0.29198
V
96
N
95
88
D
0.30694
0.62721
0.0
0.00961
0.05624
V
98
N
99
90
D
0.05819
0.60441
0.0
0.0
0.3374
V
99
N
100
98
91
D
0.27011
0.0
0.00041
0.59733
0.123
0.00913
2e-05
V
100
N
101
99
92
D
0.01015
0.0
0.5492
0.31761
0.11829
0.0
0.00475
V
101
N
102
100
109
93
D
0.13477
0.36033
0.24373
0.005
0.0
0.15932
0.09685
V
102
N
103
101
110
94
D
0.97112
0.0
0.00217
0.01179
0.0147
0.00022
V
103
N
102
111
95
D
0.44529
0.0
0.0
0.0
0.03566
0.0
0.51905
V
109
N
110
101
D
0.02613
0.00051
0.0
0.0
0.95943
0.0
0.01393
V
110
N
111
109
102
D
0.29522
0.0
0.06971
0.0
0.58466
0.04977
0.00064
V
111
N
110
103
D
0.11618
0.00286
0.17576
0.0
0.65597
0.0
0.04923
