i_60_1_20_FR_den009d
20
den009d
A
0
14
13
20
V
14
N
15
26
D
0.46813
0.0
0.04935
0.11528
0.1222
0.0
0.24504
V
15
N
16
14
27
D
0.18807
0.0
0.0
0.15413
0.0
0.0
0.6578
V
16
N
17
15
28
D
0.0062
0.27761
0.0
0.33021
0.04384
0.32161
0.02053
V
17
N
18
16
29
D
0.59821
0.28375
0.0
0.0
0.02021
0.09336
0.00447
V
18
N
17
30
D
0.38473
0.5005
0.03775
0.0
0.07702
V
21
N
22
D
0.5708
0.0
0.0
0.0
0.4292
V
22
N
23
21
34
D
0.23417
0.11559
0.10341
0.21806
0.0
0.32877
V
23
N
24
22
35
D
0.26461
0.17723
0.0
0.32819
0.05159
0.17838
V
24
N
23
36
D
0.82895
0.0
0.0
0.0
0.0
0.17105
V
26
N
27
38
14
D
0.57927
0.04788
0.08655
0.0
0.0
0.0
0.2863
V
27
N
28
26
39
15
D
0.00163
0.0
0.0
0.00545
0.25747
0.73545
V
28
N
29
27
40
16
D
0.77893
0.0
0.22107
V
29
N
30
28
41
17
D
0.0466
0.0
0.0
0.00116
0.05526
0.00051
0.89647
V
30
N
29
42
18
D
0.0044
0.0
0.00049
0.23315
0.0
0.72449
0.03747
V
34
N
35
46
22
D
0.19713
0.0
0.0
0.45353
0.0
0.34934
V
35
N
36
34
47
23
D
0.00139
0.0
0.93426
0.0
0.0
0.0
0.06435
V
36
N
35
48
24
D
0.04194
0.57288
0.0
0.02488
0.3603
V
38
N
39
50
26
D
0.00619
0.00442
0.87374
0.0004
0.11507
0.0
0.00018
V
39
N
40
38
51
27
D
0.31546
0.0
0.0
0.3315
0.35304
V
40
N
41
39
52
28
D
0.13024
0.53865
0.0
0.15292
0.17819
V
41
N
42
40
53
29
D
0.39918
0.13909
0.0
0.08832
0.0
0.37341
V
42
N
43
41
54
30
D
0.00789
0.12571
0.66026
0.20614
V
43
N
42
D
0.2586
0.0
0.35946
0.0
0.15502
0.22692
V
46
N
47
34
D
0.64452
0.0
0.00157
0.33617
0.0
0.01521
0.00253
V
47
N
48
46
59
35
D
0.50174
0.0
0.49826
V
48
N
47
60
36
D
0.07594
0.0
0.0
0.0
0.17579
0.0
0.74827
V
50
N
51
62
38
D
0.21912
0.08306
0.04503
0.39116
0.0
0.12385
0.13778
V
51
N
52
50
63
39
D
0.00042
7e-05
0.0
4e-05
0.47315
0.04736
0.47896
V
52
N
53
51
64
40
D
0.24833
0.65334
0.05177
0.0
0.0
0.0
0.04656
V
53
N
54
52
65
41
D
0.37865
0.0
0.0
0.0
0.0
0.29676
0.32459
V
54
N
53
66
42
D
0.2102
0.46132
0.02508
0.21994
0.01122
0.0
0.07224
V
59
N
60
71
47
D
0.1872
0.0
0.26799
0.0
0.03594
0.50887
V
60
N
59
72
48
D
0.24282
0.75252
0.00466
V
62
N
63
74
50
D
0.00697
0.20365
0.0011
0.12053
0.0
0.0
0.66775
V
63
N
64
62
75
51
D
0.01298
0.23768
0.03999
0.0
0.69938
0.0
0.00997
V
64
N
65
63
76
52
D
0.12567
0.72383
0.01216
0.0
0.0
0.13834
V
65
N
66
64
77
53
D
0.43876
0.0
0.2226
0.0
0.0
0.33864
V
66
N
65
78
54
D
0.19235
0.0
0.07754
0.56487
0.16524
V
70
N
71
82
D
0.07977
0.25282
0.15239
0.0
0.0
0.13709
0.37793
V
71
N
72
70
83
59
D
0.93557
0.0
0.0
0.06443
V
72
N
71
84
60
D
0.09138
0.06362
0.0
0.845
V
74
N
75
86
62
D
0.02902
0.50296
0.0
0.45759
0.00607
0.00436
V
75
N
76
74
87
63
D
0.37937
0.00433
0.0
0.35328
0.0
0.0
0.26302
V
76
N
77
75
88
64
D
0.15037
0.0
0.0
0.08572
0.0
0.0
0.76391
V
77
N
78
76
89
65
D
0.4828
0.5172
V
78
N
77
90
66
D
0.7201
0.0
0.01749
0.16718
0.0
0.0
0.09523
V
82
N
83
94
70
D
0.31885
0.0
0.0
0.0
0.0
0.0
0.68115
V
83
N
84
82
95
71
D
0.10406
0.0
0.01233
0.66766
0.0
0.21595
V
84
N
83
96
72
D
0.33262
0.0
0.0
0.59491
0.0
0.06639
0.00608
V
86
N
87
74
D
0.1512
0.03119
0.15412
0.24481
0.0
0.0
0.41868
V
87
N
88
86
75
D
0.19609
0.80391
V
88
N
89
87
76
D
0.85554
0.0
0.0
0.0
0.05483
0.0
0.08963
V
89
N
90
88
77
D
0.35209
0.0
0.43667
0.21124
V
90
N
91
89
78
D
0.8602
0.0
0.0
0.1398
V
91
N
92
90
D
0.35415
0.00959
0.0
0.0
0.00126
0.00824
0.62676
V
92
N
93
91
D
0.29252
0.0
0.0
0.67289
0.00726
0.0
0.02733
V
93
N
94
92
D
0.602
0.0
0.00812
0.0
0.38988
V
94
N
95
93
82
D
0.01602
0.84457
0.0
0.0
0.04436
0.0
0.09505
V
95
N
96
94
83
D
0.00859
0.01884
0.58027
0.17328
0.21042
0.0086
V
96
N
95
84
D
0.86096
0.0
0.0
0.13904
