i_60_2_28_FR_den405d
28
den405d
A
0
25
21
25
A
1
25
25
13
V
25
N
26
43
D
0.99381
0.00619
V
26
N
25
44
D
0.09205
0.0
0.0
0.85835
0.01324
0.0
0.03636
V
28
N
46
D
0.00032
0.0112
0.24303
0.68306
0.0
0.06239
V
31
N
32
49
D
0.42675
0.0
0.0
0.37533
0.1185
0.00564
0.07378
V
32
N
31
50
D
0.20312
0.0
0.0
0.0
0.0
0.79688
V
38
N
39
D
0.20259
0.00389
0.00113
0.0
0.0
0.79085
0.00154
V
39
N
40
38
D
0.3731
0.06024
0.0
0.54673
0.01759
0.00234
V
40
N
41
39
D
0.69702
0.04037
0.0
0.01565
0.0
0.24696
V
41
N
42
40
D
0.13554
0.02783
0.32537
0.0
0.48659
0.02467
V
42
N
43
41
60
D
0.25711
0.11207
0.0
0.0
0.63082
V
43
N
44
42
61
25
D
0.76229
0.0
0.20766
0.03005
V
44
N
43
62
26
D
0.20395
0.0
0.79605
V
46
N
64
28
D
0.04468
0.01644
0.0
0.00024
0.93864
V
49
N
50
67
31
D
0.76812
0.0
0.0
0.02848
0.2034
V
50
N
49
68
32
D
0.86955
0.0
0.01894
0.0
0.00422
0.0
0.10729
V
60
N
61
42
D
0.87605
0.0
0.0
0.0
0.0
0.0
0.12395
V
61
N
62
60
43
D
0.73735
0.0
0.01056
0.00658
0.24441
0.0
0.0011
V
62
N
63
61
80
44
D
0.00474
0.00653
0.00052
0.0
0.98611
0.0
0.0021
V
63
N
64
62
D
0.10621
0.0
0.0
0.89379
V
64
N
65
63
82
46
D
0.78024
0.0
0.0
0.11747
0.03219
0.0
0.0701
V
65
N
66
64
83
D
0.53588
0.0
0.0
0.46412
V
66
N
67
65
84
D
0.22933
0.0
0.4084
0.0
0.36227
V
67
N
68
66
85
49
D
0.39779
0.0
0.0
0.0
0.0
0.0
0.60221
V
68
N
69
67
86
50
D
0.22599
0.0
0.0
0.0
0.08278
0.69123
V
69
N
70
68
D
0.22718
0.01129
0.42705
0.0115
0.11879
0.0
0.20419
V
70
N
71
69
88
D
0.07313
0.0
0.0
0.0
0.58281
0.29155
0.05251
V
71
N
72
70
89
D
0.56804
0.0
0.0
0.0
0.43196
V
72
N
71
90
D
0.27967
0.61293
0.0582
0.0492
V
80
N
98
62
D
0.30046
0.08941
0.11054
0.0
0.40904
0.0
0.09055
V
82
N
83
100
64
D
0.21133
0.0
0.0
0.42954
0.0
0.0
0.35913
V
83
N
84
82
101
65
D
0.41052
0.0
0.17356
0.10177
0.31415
V
84
N
85
83
102
66
D
0.00391
0.0
0.98135
0.00158
0.0
0.0
0.01316
V
85
N
86
84
103
67
D
0.25498
0.12757
0.19513
0.0
0.0
0.42232
V
86
N
85
104
68
D
0.27508
0.0542
0.23895
0.04197
0.05881
0.0
0.33099
V
88
N
89
70
D
0.48745
0.0
0.37311
0.0
0.00105
0.13839
V
89
N
90
88
107
71
D
0.04138
0.02957
0.63071
0.16705
0.11902
0.01227
V
90
N
89
72
D
0.02614
0.35846
0.31524
0.30016
V
98
N
80
D
0.38366
0.0
0.0
0.02035
0.0
0.0
0.59599
V
100
N
101
82
D
0.14859
0.0
0.83694
0.0
0.0
0.01447
V
101
N
102
100
83
D
0.47164
0.0
0.0
0.08199
0.0
0.44637
V
102
N
103
101
120
84
D
0.05467
0.07671
0.07866
0.08996
0.24145
0.0
0.45855
V
103
N
104
102
85
D
0.61746
0.06501
0.01022
0.26245
0.04486
V
104
N
103
86
D
0.136
0.00109
0.0
0.0
0.71343
0.06703
0.08245
V
107
N
89
D
0.1298
0.0
0.8702
V
120
N
138
102
D
0.84515
0.0
0.0
0.0
0.0
0.0
0.15485
V
136
N
137
154
D
0.06746
0.06194
0.75181
0.0
0.08286
0.03593
V
137
N
138
136
155
D
0.12974
0.0
0.0355
0.10209
0.06653
0.0
0.66614
V
138
N
139
137
156
120
D
0.0186
0.20228
0.0
0.14099
0.48944
0.12879
0.0199
V
139
N
140
138
157
D
0.17046
0.0
0.4339
0.0
0.00499
0.25782
0.13283
V
140
N
139
158
D
0.02996
0.95016
0.01602
0.0
0.00386
V
154
N
155
172
136
D
0.22645
0.13567
0.18641
0.0
0.0394
0.0
0.41207
V
155
N
156
154
173
137
D
0.01006
0.40799
0.53219
0.0
0.02079
0.0
0.02897
V
156
N
157
155
174
138
D
0.36345
0.0
0.0
0.0
0.63655
V
157
N
158
156
175
139
D
0.00952
0.0
0.0
0.96883
0.0
0.00271
0.01894
V
158
N
157
176
140
D
0.30613
0.0
0.01148
0.0
0.02663
0.0
0.65576
V
172
N
173
154
D
0.00038
0.0
1e-05
0.0
0.99905
0.0
0.00056
V
173
N
174
172
155
D
0.413
0.01787
0.29574
0.27339
V
174
N
175
173
156
D
0.03934
0.65902
0.0
0.0
0.1687
0.01813
0.11481
V
175
N
176
174
157
D
0.63804
0.0
0.27198
0.0
0.0
0.0
0.08998
V
176
N
175
158
D
0.2073
0.14372
0.0
0.0
0.0
0.0
0.64898
