i_72_3_14_FR_X
14
X
A
0
1
9
3
A
1
1
7
13
A
2
1
11
9
V
1
N
2
10
D
0.2695
0.0116
0.0481
0.0
0.6252
V
2
N
3
1
11
D
0.2341
0.0
0.0
0.3322
V
3
N
4
2
12
D
0.552
0.0
V
4
N
5
3
13
D
0.3734
0.0
0.0123
0.4187
0.0047
0.1734
V
5
N
6
4
14
D
0.1034
0.0
0.1912
0.0
V
6
N
7
5
15
D
0.0122
0.1993
0.0
0.0015
0.5174
V
7
N
8
6
16
D
0.1158
0.0645
0.0
0.2632
V
8
N
9
7
17
D
0.2625
0.0237
0.0683
0.0634
0.5821
V
9
N
8
18
D
0.0979
0.2533
0.1544
0.1466
0.0
0.0951
V
10
N
11
19
1
D
0.0812
0.0
0.0881
0.0
0.3841
V
11
N
12
10
20
2
D
0.0094
0.0419
0.0186
0.061
0.0192
0.0
V
12
N
13
11
21
3
D
0.2409
0.7355
0.0
0.0
V
13
N
14
12
22
4
D
0.0269
0.0
0.0
0.005
V
14
N
15
13
23
5
D
0.5638
0.3283
0.0
0.0
V
15
N
16
14
24
6
D
0.2597
0.1167
0.0
0.4623
V
16
N
17
15
25
7
D
0.9904
0.008
0.0016
V
17
N
18
16
26
8
D
0.5116
0.0985
0.043
0.0
0.005
0.1539
V
18
N
17
27
9
D
0.394
0.1441
0.4619
V
19
N
20
28
10
D
0.6617
0.0
V
20
N
21
19
29
11
D
0.9025
0.0975
V
21
N
22
20
30
12
D
0.0745
0.0
0.5933
V
22
N
23
21
31
13
D
0.3209
0.5522
0.0106
0.0
0.0
V
23
N
24
22
32
14
D
0.0305
0.0
0.0
V
24
N
25
23
33
15
D
0.3722
0.0392
0.0492
0.0
0.1368
V
25
N
26
24
34
16
D
0.0153
0.0
0.0
V
26
N
27
25
35
17
D
0.3066
0.3721
0.0867
0.1257
0.0
V
27
N
26
36
18
D
0.2382
0.052
0.0
0.1326
V
28
N
29
37
19
D
0.311
0.1667
0.0
0.0
V
29
N
30
28
38
20
D
0.9139
0.0334
0.0
0.0426
V
30
N
31
29
39
21
D
0.0015
0.0024
0.0154
0.0238
0.0264
0.9305
V
31
N
32
30
40
22
D
0.0181
0.0
0.1109
0.0
0.1708
V
32
N
33
31
41
23
D
0.3493
0.0
0.0
0.4306
V
33
N
34
32
42
24
D
0.2462
0.0
0.4805
V
34
N
35
33
43
25
D
0.1984
0.0922
0.6495
0.0357
0.0023
0.0
V
35
N
36
34
44
26
D
0.2093
0.0
0.722
V
36
N
35
45
27
D
0.0271
0.0
0.4341
0.0
V
37
N
38
46
28
D
0.8171
0.0
0.1587
V
38
N
39
37
47
29
D
0.0038
0.7175
0.0324
0.002
0.1031
0.1263
0.0149
V
39
N
40
38
48
30
D
0.1476
0.1219
0.1374
0.2997
0.0
V
40
N
41
39
49
31
D
0.7297
0.1526
0.0
V
41
N
42
40
50
32
D
0.0001
0.4631
0.5359
0.0009
V
42
N
43
41
51
33
D
0.0147
0.0195
0.858
0.0021
0.0804
0.0
V
43
N
44
42
52
34
D
0.642
0.2516
0.0
0.0004
0.0
V
44
N
45
43
53
35
D
0.0
0.4684
0.0
V
45
N
44
54
36
D
0.3234
0.0096
0.0
0.4818
V
46
N
47
55
37
D
0.0658
0.0
0.0
0.7372
0.0813
V
47
N
48
46
56
38
D
0.0764
0.0129
0.0
0.8821
V
48
N
49
47
57
39
D
0.2382
0.0273
0.1413
0.0638
0.0
0.0761
V
49
N
50
48
58
40
D
0.7334
0.0082
0.0
0.2418
V
50
N
51
49
59
41
D
0.8188
0.1232
0.0
0.0
0.0316
V
51
N
52
50
60
42
D
0.0153
0.0
0.2755
0.014
0.6191
0.0234
V
52
N
53
51
61
43
D
0.0056
0.0579
0.5274
0.0
V
53
N
54
52
62
44
D
0.0122
0.9609
0.0
0.0036
V
54
N
53
63
45
D
0.7637
0.0
0.0
V
55
N
56
64
46
D
0.0549
0.0
0.0031
0.0049
0.074
V
56
N
57
55
65
47
D
0.1891
0.0
V
57
N
58
56
66
48
D
0.4846
0.3575
0.1014
0.0565
V
58
N
59
57
67
49
D
0.3516
0.0
0.0
V
59
N
60
58
68
50
D
0.4917
0.0
V
60
N
61
59
69
51
D
0.0037
0.0368
0.0
0.3991
0.0
V
61
N
62
60
70
52
D
0.0003
0.0399
0.0013
0.202
0.7565
V
62
N
63
61
71
53
D
0.0219
0.0
0.0722
0.1444
0.218
0.1749
V
63
N
62
72
54
D
0.6368
0.0
0.0
V
64
N
65
55
D
0.0002
0.0
0.0048
0.0
V
65
N
66
64
56
D
0.5859
0.0
V
66
N
67
65
57
D
0.9051
0.0849
0.0
0.0086
V
67
N
68
66
58
D
0.1704
0.3795
0.0
V
68
N
69
67
59
D
0.1219
0.0625
0.5679
0.0
0.2378
V
69
N
70
68
60
D
0.3999
0.0
0.0112
0.0
0.2233
V
70
N
71
69
61
D
0.0131
0.3155
0.5361
0.0
V
71
N
72
70
62
D
0.1232
0.0168
0.0
0.8478
0.0007
V
72
N
71
63
D
0.3578
0.0
0.0062
0.0386
0.5285
0.0217
