i_79_2_28_FR_den101d
28
den101d
A
0
26
28
4
A
1
26
28
11
V
26
N
27
44
D
0.0989
0.05233
0.00802
0.82435
0.0
0.0
0.0164
V
27
N
28
26
D
0.32424
0.0
0.49056
0.0
0.07831
0.07139
0.0355
V
28
N
27
D
0.23209
0.00355
0.0
0.0
0.02717
0.28337
0.45382
V
33
N
34
51
D
0.01455
0.0
0.91757
0.0
0.0
0.05504
0.01284
V
34
N
33
52
D
0.75783
0.0
0.0
0.06746
0.17471
V
42
N
43
60
D
0.02999
0.0
0.0
0.9215
0.0
0.0
0.04851
V
43
N
44
42
61
D
0.62827
0.37173
V
44
N
43
62
26
D
0.29901
0.0
0.0
0.50801
0.0
0.0
0.19298
V
47
N
48
65
D
0.29351
0.18836
0.0
0.26458
0.0355
0.0
0.21805
V
48
N
47
66
D
0.2887
0.7113
V
50
N
51
68
D
0.83634
0.16366
V
51
N
52
50
69
33
D
0.17064
0.04541
0.191
0.09231
0.08551
0.32906
0.08607
V
52
N
53
51
70
34
D
0.30832
0.0
0.0
0.45237
0.0
0.23931
V
53
N
54
52
71
D
0.00557
0.0
0.0
0.2005
0.42701
0.0
0.36692
V
54
N
53
72
D
0.0272
0.11917
0.0
0.0
0.0
0.84774
0.00589
V
60
N
61
42
D
0.18739
0.0
0.14249
0.04184
0.62828
V
61
N
62
60
43
D
0.63599
0.01246
0.22611
0.0
0.09493
0.03043
8e-05
V
62
N
63
61
80
44
D
0.663
0.0
0.0118
0.24508
0.0
0.08012
V
63
N
64
62
D
0.34741
0.01982
0.0
0.0
0.62478
0.0
0.00799
V
64
N
65
63
D
0.59033
0.00152
0.24888
0.0
0.04212
0.0
0.11715
V
65
N
66
64
47
D
0.06774
0.35638
0.02059
0.0014
0.15021
0.40368
V
66
N
65
48
D
0.07849
0.14326
0.42718
0.18084
0.0606
0.0
0.10963
V
68
N
69
50
D
0.32354
0.0
0.26049
0.0
0.0
0.0
0.41597
V
69
N
70
68
51
D
0.01131
0.0
0.17997
0.40771
0.21312
0.18789
V
70
N
71
69
88
52
D
0.91549
0.0
0.0
0.08451
V
71
N
72
70
89
53
D
0.10872
0.61289
0.09476
0.0
0.0
0.0
0.18363
V
72
N
71
90
54
D
0.25779
0.0097
0.01235
0.04599
0.0
0.03032
0.64385
V
80
N
98
62
D
0.31182
0.0
0.22076
0.01793
0.0
0.28061
0.16888
V
88
N
89
106
70
D
0.69327
0.0
0.0
0.0
0.0
0.30673
V
89
N
90
88
107
71
D
0.00923
0.0
0.21859
0.10653
0.59973
0.0
0.06592
V
90
N
89
72
D
0.00066
0.97275
0.0003
3e-05
0.00263
0.02226
0.00137
V
96
N
97
114
D
0.8184
0.0
0.0
0.1816
V
97
N
98
96
115
D
0.00987
0.0
0.0
0.0
0.97924
0.01089
V
98
N
99
97
116
80
D
0.59883
0.0
0.03562
0.36555
V
99
N
100
98
117
D
0.51606
0.0
0.0
0.11036
0.03834
0.0
0.33524
V
100
N
101
99
118
D
0.04083
0.07539
0.04604
0.77156
0.05644
0.00974
V
101
N
102
100
119
D
0.35176
0.0315
0.0
0.0
0.0
0.35633
0.26041
V
102
N
103
101
120
D
0.60629
0.08201
0.01622
0.07177
0.17498
0.0
0.04873
V
103
N
102
121
D
0.93593
0.06407
V
106
N
107
124
88
D
0.56108
0.0
0.0
0.0
0.0
0.41286
0.02606
V
107
N
106
89
D
0.26909
0.0
0.0
0.72976
0.0
0.00115
V
114
N
115
132
96
D
0.43403
0.0
0.0
0.0
0.01851
0.00928
0.53818
V
115
N
116
114
97
D
0.29057
0.14971
0.0
0.20738
0.34051
0.01034
0.00149
V
116
N
117
115
98
D
0.44307
0.0
0.2859
0.0
0.11901
0.15202
V
117
N
118
116
99
D
0.65851
0.01648
0.20436
0.04414
0.07215
0.00436
V
118
N
119
117
100
D
0.3875
0.0
0.0
0.0
0.0
0.50548
0.10702
V
119
N
120
118
101
D
0.0595
0.117
0.0
0.0
0.7886
0.03448
0.00042
V
120
N
121
119
138
102
D
0.64856
0.0
0.0
0.0
0.0
0.08238
0.26906
V
121
N
122
120
139
103
D
0.20104
0.07772
0.0
0.72124
V
122
N
121
140
D
0.13543
0.71947
0.0
0.0
0.1451
V
124
N
142
106
D
0.70192
0.29808
V
126
N
144
D
0.37961
0.0
0.06789
0.43264
0.0
0.11986
V
128
N
129
146
D
0.12214
0.0
0.0
0.0
0.87786
V
129
N
130
128
147
D
0.08606
0.0
0.20933
0.50331
0.2013
V
130
N
131
129
148
D
0.02342
0.96995
0.00663
V
131
N
132
130
D
0.08346
0.03629
0.18103
0.63634
0.0
0.0
0.06288
V
132
N
131
150
114
D
0.30358
0.0
0.34359
0.0
0.28343
0.0
0.0694
V
138
N
139
156
120
D
0.44261
0.0
0.0
0.0
0.0
0.0
0.55739
V
139
N
140
138
121
D
0.65602
0.0
0.0
0.0
0.34398
V
140
N
141
139
122
D
0.10199
0.0
0.0
0.4239
0.0
0.47411
V
141
N
142
140
D
0.03995
0.16595
0.0
0.73326
0.00543
0.0004
0.05501
V
142
N
143
141
124
D
0.13645
0.0
0.0
0.5757
0.17853
0.0
0.10932
V
143
N
144
142
D
0.54602
0.19861
0.01254
0.06809
0.17474
V
144
N
143
126
D
0.0242
0.0424
0.0
0.0
0.0
0.93185
0.00155
V
146
N
147
164
128
D
0.16365
0.62477
0.0
0.0
0.0
0.21158
V
147
N
148
146
165
129
D
0.89549
0.0
0.10451
V
148
N
147
166
130
D
0.45626
0.0
0.02325
0.10383
0.37879
0.0
0.03787
V
150
N
168
132
D
0.60755
0.0
0.0
0.0
0.0
0.39245
V
156
N
174
138
D
0.00872
0.25437
0.06156
0.0
0.27069
0.40466
V
164
N
165
146
D
0.01198
0.63208
0.03594
0.0
0.25055
0.0
0.06945
V
165
N
166
164
147
D
0.77016
0.21499
0.0
0.0
0.01485
V
166
N
165
148
D
0.30849
0.0
0.36115
0.1761
0.0
0.0
0.15426
V
168
N
169
150
D
0.02662
0.0
0.39461
0.0
0.25503
0.32374
V
169
N
170
168
D
0.00011
0.0
0.95421
0.00096
0.03518
0.00862
0.00092
V
170
N
171
169
D
0.01228
0.98762
0.0
5e-05
0.0
0.0
5e-05
V
171
N
172
170
D
0.99934
0.00066
V
172
N
173
171
D
0.18111
0.11188
0.0
0.0
0.62637
0.08064
V
173
N
174
172
D
0.84483
0.00981
0.00171
0.0
0.0
0.00061
0.14304
V
174
N
173
156
D
0.13018
0.01124
0.03421
0.0
0.82437
