i_81_3_12_FR_X
12
X
A
0
1
11
8
A
1
1
10
8
A
2
1
7
7
V
1
N
2
10
D
0.1854
0.1008
0.4205
0.0651
0.0
V
2
N
3
1
11
D
0.0064
0.0073
0.043
0.0264
0.0
V
3
N
4
2
12
D
0.1055
0.2284
0.0
0.5196
0.0186
V
4
N
5
3
13
D
0.014
0.506
0.1215
0.0492
0.0
V
5
N
6
4
14
D
0.8471
0.0
0.0
V
6
N
7
5
15
D
0.0074
0.0
0.4297
0.0
0.0219
V
7
N
8
6
16
D
0.0089
0.0
0.0049
0.0
V
8
N
9
7
17
D
0.3099
0.0
0.0021
0.6855
0.0
V
9
N
8
18
D
0.276
0.5568
0.0
0.0
V
10
N
11
19
1
D
0.0096
0.0097
0.005
0.5295
0.3928
0.0329
0.0205
V
11
N
12
10
20
2
D
0.6208
0.0062
0.3663
0.0048
0.0002
0.0
V
12
N
13
11
21
3
D
0.1725
0.0
V
13
N
14
12
22
4
D
0.0027
0.0
0.0004
0.0
0.9925
V
14
N
15
13
23
5
D
0.0767
0.6653
0.0
V
15
N
16
14
24
6
D
0.7564
0.0
V
16
N
17
15
25
7
D
0.2181
0.0
0.2955
0.2121
V
17
N
18
16
26
8
D
0.4372
0.5628
V
18
N
17
27
9
D
0.0662
0.6716
0.0
V
19
N
20
28
10
D
0.0356
0.0
0.9283
0.0125
0.0154
V
20
N
21
19
29
11
D
0.6982
0.3018
V
21
N
22
20
30
12
D
0.0014
0.0
0.7187
V
22
N
23
21
31
13
D
0.2551
0.2586
0.3976
0.0
V
23
N
24
22
32
14
D
0.0111
0.0
0.0
V
24
N
25
23
33
15
D
0.927
0.0
0.0
0.0
V
25
N
26
24
34
16
D
0.1525
0.0
V
26
N
27
25
35
17
D
0.2089
0.0695
0.0
0.2006
V
27
N
26
36
18
D
0.217
0.0
0.0
V
28
N
29
37
19
D
0.2239
0.0838
0.0
0.3113
0.272
V
29
N
30
28
38
20
D
0.1462
0.0
0.0
V
30
N
31
29
39
21
D
0.0571
0.0
0.0
V
31
N
32
30
40
22
D
0.0205
0.3565
0.0621
0.0
0.1832
0.1099
V
32
N
33
31
41
23
D
0.1516
0.7795
0.0
0.0
V
33
N
34
32
42
24
D
0.9233
0.0
V
34
N
35
33
43
25
D
0.345
0.0
0.0
V
35
N
36
34
44
26
D
0.0515
0.7725
0.0
V
36
N
35
45
27
D
0.2923
0.0
0.0
V
37
N
38
46
28
D
0.2283
0.7717
V
38
N
39
37
47
29
D
0.3543
0.0
0.1438
V
39
N
40
38
48
30
D
0.5081
0.1527
0.2848
0.0
V
40
N
41
39
49
31
D
0.1558
0.1053
0.5865
0.0
0.0669
V
41
N
42
40
50
32
D
0.0964
0.0
0.0
V
42
N
43
41
51
33
D
0.3277
0.143
0.0
0.0
0.2654
V
43
N
44
42
52
34
D
0.0545
0.4094
0.0
V
44
N
45
43
53
35
D
0.0512
0.9342
0.0
V
45
N
44
54
36
D
0.0343
0.8096
0.0
0.0
V
46
N
47
55
37
D
0.0059
0.0002
0.0
0.9875
0.0022
0.0019
V
47
N
48
46
56
38
D
0.0054
0.0291
0.1104
0.225
0.5774
0.0527
V
48
N
49
47
57
39
D
0.6614
0.0
0.0126
0.2299
V
49
N
50
48
58
40
D
0.8587
0.0
0.0
V
50
N
51
49
59
41
D
0.1834
0.0037
0.4694
0.0
0.0
V
51
N
52
50
60
42
D
0.8254
0.0
0.0398
V
52
N
53
51
61
43
D
0.2173
0.0
0.0503
0.0
V
53
N
54
52
62
44
D
0.1766
0.0
0.0118
0.0
V
54
N
53
63
45
D
0.161
0.0102
0.7496
0.0
0.0724
V
55
N
56
64
46
D
0.6806
0.3194
V
56
N
57
55
65
47
D
0.0135
0.0
0.7535
0.2287
V
57
N
58
56
66
48
D
0.042
0.1939
0.0196
0.5064
0.1216
0.1165
V
58
N
59
57
67
49
D
0.0962
0.5726
0.02
0.2603
0.0509
V
59
N
60
58
68
50
D
0.7138
0.0
0.0038
0.0031
0.1584
V
60
N
61
59
69
51
D
0.0633
0.073
0.0
0.0
V
61
N
62
60
70
52
D
0.7568
0.0
0.031
0.0057
0.0881
0.0299
V
62
N
63
61
71
53
D
0.1754
0.2043
0.0
0.1327
V
63
N
62
72
54
D
0.3254
0.0075
0.2442
0.0634
0.0
0.1399
V
64
N
65
73
55
D
0.8472
0.0
V
65
N
66
64
74
56
D
0.0527
0.1233
0.0
0.71
V
66
N
67
65
75
57
D
0.3302
0.0
0.0853
V
67
N
68
66
76
58
D
0.9106
0.0
V
68
N
69
67
77
59
D
0.6574
0.0
0.0
0.1183
V
69
N
70
68
78
60
D
0.0439
0.6299
0.0
0.255
V
70
N
71
69
79
61
D
0.0935
0.8973
0.0
V
71
N
72
70
80
62
D
0.0285
0.0001
0.0
0.9609
0.0002
0.0102
V
72
N
71
81
63
D
0.5694
0.2619
0.0757
0.0704
0.0
V
73
N
74
64
D
0.8847
0.0
0.0393
0.0038
0.0377
V
74
N
75
73
65
D
0.5008
0.1843
0.0077
0.0653
0.2381
0.0
V
75
N
76
74
66
D
0.2094
0.0
0.0036
0.0
0.6886
V
76
N
77
75
67
D
0.3669
0.0
0.0
0.2406
V
77
N
78
76
68
D
0.5214
0.0
V
78
N
79
77
69
D
0.068
0.0903
0.0
0.1459
0.0
V
79
N
80
78
70
D
0.233
0.461
0.0
0.2565
V
80
N
81
79
71
D
0.6544
0.2151
0.0045
0.126
V
81
N
80
72
D
0.8637
0.0
0.0327
0.0172
0.0
