i_81_3_9_FR_X
9
X
A
0
1
9
7
A
1
1
4
7
A
2
1
5
3
V
1
N
2
10
D
0.0068
0.9533
0.0088
0.0273
0.0
V
2
N
3
1
11
D
0.0821
0.0128
0.0002
0.8917
0.0088
0.0
V
3
N
4
2
12
D
0.7875
0.0
0.0
0.0
V
4
N
5
3
13
D
0.2309
0.7691
V
5
N
6
4
14
D
0.0077
0.4132
0.0511
0.0
0.0
V
6
N
7
5
15
D
0.4352
0.5488
0.0
V
7
N
8
6
16
D
0.0001
0.3743
0.0
0.0
-0.0001
0.6257
V
8
N
9
7
17
D
0.4904
0.173
0.0
V
9
N
8
18
D
0.272
0.1189
0.0
0.0
V
10
N
11
19
1
D
0.3091
0.1927
0.3889
0.0
V
11
N
12
10
20
2
D
0.117
0.0
V
12
N
13
11
21
3
D
0.1072
0.4084
0.0
0.1352
0.0
V
13
N
14
12
22
4
D
0.2114
0.461
0.0611
0.0
0.1221
V
14
N
15
13
23
5
D
0.2908
0.1401
0.0172
0.0
V
15
N
16
14
24
6
D
0.9192
0.0
V
16
N
17
15
25
7
D
0.1114
0.0281
0.8605
V
17
N
18
16
26
8
D
0.0182
0.0
0.0
0.8715
V
18
N
17
27
9
D
0.0616
0.0
V
19
N
20
28
10
D
0.0789
0.0
0.0
V
20
N
21
19
29
11
D
0.1838
0.0
0.0
0.0548
0.5788
V
21
N
22
20
30
12
D
0.2945
0.0
0.0
V
22
N
23
21
31
13
D
0.3851
0.0
0.182
0.0
V
23
N
24
22
32
14
D
0.1677
0.0
0.0
V
24
N
25
23
33
15
D
0.266
0.0002
0.0946
0.0
0.0497
V
25
N
26
24
34
16
D
0.308
0.0
V
26
N
27
25
35
17
D
0.0255
0.025
0.0192
0.0
0.8811
V
27
N
26
36
18
D
0.3164
0.0
0.0
V
28
N
29
37
19
D
0.0763
0.0016
0.2515
0.0091
0.0176
0.0
V
29
N
30
28
38
20
D
0.5571
0.2202
0.0
0.2201
V
30
N
31
29
39
21
D
0.0116
0.0087
0.0097
0.5119
0.0105
0.4476
V
31
N
32
30
40
22
D
0.5235
0.0
0.2815
0.0
V
32
N
33
31
41
23
D
0.1908
0.0477
0.6676
0.0307
0.0299
0.0
V
33
N
34
32
42
24
D
0.0273
0.2745
0.0
V
34
N
35
33
43
25
D
0.359
0.3306
0.3104
V
35
N
36
34
44
26
D
0.3262
0.0
0.0
V
36
N
35
45
27
D
0.0469
0.0
0.0
V
37
N
38
46
28
D
0.098
0.0
V
38
N
39
37
47
29
D
0.2521
0.0
0.0
V
39
N
40
38
48
30
D
0.2678
0.0
0.6254
V
40
N
41
39
49
31
D
0.4286
0.0
0.2488
V
41
N
42
40
50
32
D
0.4165
0.0
0.0
V
42
N
43
41
51
33
D
0.5877
0.4123
V
43
N
44
42
52
34
D
0.3069
0.0
0.0232
0.2398
V
44
N
45
43
53
35
D
0.6826
0.0
V
45
N
44
54
36
D
0.3118
0.4321
0.0659
0.0738
0.0
V
46
N
47
55
37
D
0.3043
0.0
V
47
N
48
46
56
38
D
0.6322
0.0
V
48
N
49
47
57
39
D
0.3067
0.0
0.0
V
49
N
50
48
58
40
D
0.1318
0.0
0.1205
0.0
V
50
N
51
49
59
41
D
0.9927
0.0
V
51
N
52
50
60
42
D
0.0632
0.0598
0.0
0.0
V
52
N
53
51
61
43
D
0.0417
0.1752
0.0
0.0
V
53
N
54
52
62
44
D
0.7128
0.0
V
54
N
53
63
45
D
0.0046
0.0
0.9748
0.0
V
55
N
56
64
46
D
0.1389
0.0982
0.0
0.4448
V
56
N
57
55
65
47
D
0.0005
0.0322
0.0339
0.0
V
57
N
58
56
66
48
D
0.0972
0.0
0.8927
V
58
N
59
57
67
49
D
0.4648
0.0
V
59
N
60
58
68
50
D
0.1812
0.01
0.0014
0.7108
0.0
0.0891
V
60
N
61
59
69
51
D
0.055
0.4702
0.0121
0.0
0.0
V
61
N
62
60
70
52
D
0.0664
0.6049
0.0
V
62
N
63
61
71
53
D
0.2407
0.6728
0.0865
V
63
N
62
72
54
D
0.4181
0.0
0.2752
0.0
V
64
N
65
73
55
D
0.1724
0.0034
0.0
0.0436
V
65
N
66
64
74
56
D
0.0078
0.0012
0.1436
0.0
0.0
V
66
N
67
65
75
57
D
0.2449
0.0
0.0
0.0397
V
67
N
68
66
76
58
D
0.2134
0.0
V
68
N
69
67
77
59
D
0.1375
0.0
0.0
V
69
N
70
68
78
60
D
0.0034
0.0
0.2693
0.2578
0.2765
V
70
N
71
69
79
61
D
0.0308
0.0
0.0
0.0
V
71
N
72
70
80
62
D
0.4558
0.1347
0.0977
0.1392
0.1726
V
72
N
71
81
63
D
0.2691
0.0
V
73
N
74
64
D
0.4688
0.0
0.0
V
74
N
75
73
65
D
0.2535
0.0
0.3821
0.0
V
75
N
76
74
66
D
0.0022
0.0018
0.085
0.0
0.717
0.1861
V
76
N
77
75
67
D
0.0286
0.0
0.138
0.0783
V
77
N
78
76
68
D
0.117
0.0
V
78
N
79
77
69
D
0.4512
0.0
0.0
0.085
V
79
N
80
78
70
D
0.0002
0.0
0.0
0.016
0.9833
V
80
N
81
79
71
D
0.1189
0.1584
0.5567
0.0003
0.0036
0.0
V
81
N
80
72
D
0.261
0.466
0.0
