i_89_1_45_AG01_X
45
X
A
0
1
45
32
V
1
N
2
46
D
1.0
V
2
N
3
1
D
0.0
1.0
V
3
N
4
2
D
0.0
1.0
V
4
N
5
3
D
0.0
1.0
V
5
N
6
4
D
0.0
1.0
V
6
N
7
5
D
0.0
1.0
V
7
N
8
6
D
0.0
1.0
V
8
N
9
7
D
0.0
1.0
V
9
N
10
8
D
0.0
1.0
V
10
N
11
9
D
0.0
1.0
V
11
N
12
10
D
0.0
1.0
V
12
N
13
11
D
0.0
1.0
V
13
N
14
12
D
0.0
1.0
V
14
N
15
13
D
0.0
1.0
V
15
N
16
14
D
0.0
1.0
V
16
N
17
15
D
0.0
1.0
V
17
N
18
16
D
0.0
1.0
V
18
N
19
17
D
0.0
1.0
V
19
N
20
18
D
0.0
1.0
V
20
N
21
19
D
0.0
1.0
V
21
N
22
20
D
0.0
1.0
V
22
N
23
21
D
0.0
1.0
V
23
N
24
22
D
0.0
1.0
V
24
N
25
23
D
0.0
1.0
V
25
N
26
24
D
0.0
1.0
V
26
N
27
25
D
0.0
1.0
V
27
N
28
26
D
0.0
1.0
V
28
N
29
27
D
0.0
1.0
V
29
N
30
28
D
0.0
1.0
V
30
N
31
29
D
0.0
1.0
V
31
N
32
30
D
0.0
1.0
V
32
N
33
31
D
0.0
1.0
V
33
N
34
32
D
0.0
1.0
V
34
N
35
33
D
0.0
1.0
V
35
N
36
34
D
0.0
1.0
V
36
N
37
35
D
0.0
1.0
V
37
N
38
36
D
0.0
1.0
V
38
N
39
37
D
0.0
1.0
V
39
N
40
38
D
0.0
1.0
V
40
N
41
39
D
0.0
1.0
V
41
N
42
40
D
0.0
1.0
V
42
N
43
41
D
0.0
1.0
V
43
N
44
42
D
0.0
1.0
V
44
N
45
43
D
0.0
1.0
V
45
N
44
D
0.0
1.0
V
46
N
91
1
D
1.0
V
91
N
136
46
D
1.0
V
136
N
181
91
D
1.0
V
181
N
226
136
D
1.0
V
226
N
271
181
D
1.0
V
271
N
316
226
D
1.0
V
316
N
361
271
D
1.0
V
361
N
406
316
D
1.0
V
406
N
451
361
D
1.0
V
451
N
496
406
D
1.0
V
496
N
541
451
D
1.0
V
541
N
586
496
D
1.0
V
586
N
631
541
D
1.0
V
631
N
676
586
D
1.0
V
676
N
721
631
D
1.0
V
721
N
766
676
D
1.0
V
766
N
811
721
D
1.0
V
811
N
856
766
D
1.0
V
856
N
901
811
D
1.0
V
901
N
946
856
D
1.0
V
946
N
991
901
D
1.0
V
991
N
1036
946
D
1.0
V
1036
N
1081
991
D
1.0
V
1081
N
1126
1036
D
1.0
V
1126
N
1171
1081
D
1.0
V
1171
N
1216
1126
D
1.0
V
1216
N
1261
1171
D
1.0
V
1261
N
1306
1216
D
1.0
V
1306
N
1351
1261
D
1.0
V
1351
N
1396
1306
D
1.0
V
1396
N
1441
1351
D
1.0
V
1441
N
1486
1396
D
1.0
V
1486
N
1531
1441
D
1.0
V
1531
N
1576
1486
D
1.0
V
1576
N
1621
1531
D
1.0
V
1621
N
1666
1576
D
1.0
V
1666
N
1711
1621
D
1.0
V
1711
N
1756
1666
D
1.0
V
1756
N
1801
1711
D
1.0
V
1801
N
1846
1756
D
1.0
V
1846
N
1891
1801
D
1.0
V
1891
N
1936
1846
D
1.0
V
1936
N
1981
1891
D
1.0
V
1981
N
1936
D
0.9
0.0
0.0
0.0
0.0
0.0
0.0
0.0
0.0
0.0
0.0
0.0
0.0
0.0
0.0
0.0
0.0
0.0
0.0
0.0
0.0
0.0
0.0
0.0
0.0
0.0
0.0
0.0
0.0
0.0
0.0
0.0
0.0
0.0
0.0
0.0
0.0
0.0
0.0
0.0
0.0
0.0
0.0
0.0
0.0
0.0
0.0
0.0
0.0
0.0
0.0
0.0
0.0
0.0
0.0
0.0
0.0
0.0
0.0
0.0
0.0
0.0
0.0
0.0
0.0
0.0
0.0
0.0
0.0
0.0
0.0
0.0
0.0
0.0
0.0
0.0
0.0
0.0
0.0
0.0
0.0
0.0
0.0
0.0
0.0
0.0
0.0
0.0
0.0
0.0
0.0
0.0
0.0
0.0
0.0
0.0
0.0
0.0
0.0
0.0
0.0
0.0
0.0
0.0
0.0
0.0
0.0
0.0
0.0
0.0
0.0
0.0
0.0
0.0
0.0
0.0
0.0
0.0
0.0
0.0
0.0
0.0
0.0
0.0
0.0
0.0
0.0
0.0
0.0
0.0
0.0
0.0
0.0
0.0
0.0
0.0
0.0
0.0
0.0
0.0
0.0
0.0
0.0
0.0
0.0
0.0
0.0
0.0
0.0
0.0
0.0
0.0
0.0
0.0
0.0
0.0
0.0
0.0
0.0
0.0
0.0
0.0
0.0
0.0
0.0
0.0
0.0
0.0
0.0
0.0
0.0
0.0
0.0
0.0
0.0
0.0
0.0
0.0
0.0
0.0
0.0
0.0
0.0
0.0
0.0
0.0
0.0
0.0
0.0
0.0
0.0
0.0
0.0
0.0
0.0
0.0
0.0
0.0
0.0
0.0
0.0
0.0
0.0
0.0
0.0
0.0
0.0
0.0
0.0
0.0
0.0
0.0
0.0
0.0
0.0
0.0
0.0
0.0
0.0
0.0
0.0
0.0
0.0
0.0
0.0
0.0
0.0
0.0
0.0
0.0
0.0
0.0
0.0
0.0
0.0
0.0
0.0
0.0
0.0
0.0
0.0
0.0
0.0
0.0
0.0
0.0
0.0
0.0
0.0
0.0
0.0
0.0
0.0
0.0
0.0
0.0
0.0
0.0
0.0
0.0
0.0
0.0
0.0
0.0
0.0
0.0
0.0
0.0
0.0
0.0
0.0
0.0
0.0
0.0
0.0
0.0
0.0
0.0
0.0
0.0
0.0
0.0
0.0
0.0
0.0
0.0
0.0
0.0
0.0
0.0
0.0
0.0
0.0
0.0
0.0
0.0
0.0
0.0
0.0
0.0
0.0
0.0
0.0
0.0
0.0
0.0
0.0
0.0
0.0
0.0
0.0
0.0
0.0
0.0
0.0
0.0
0.0
0.0
0.0
0.0
0.0
0.0
0.0
0.0
0.0
0.0
0.0
0.0
0.0
0.0
0.0
0.0
0.0
0.0
0.0
0.0
0.0
0.0
0.0
0.0
0.0
0.0
0.0
0.0
0.0
0.0
0.0
0.0
0.0
0.0
0.0
0.0
0.0
0.0
0.0
0.0
0.0
0.0
0.0
0.0
0.0
0.0
0.0
0.0
0.0
0.0
0.0
0.0
0.0
0.0
0.0
0.0
0.0
0.0
0.0
0.0
0.0
0.0
0.0
0.0
0.0
0.0
0.0
0.0
0.0
0.0
0.0
0.0
0.0
0.0
0.0
0.0
0.0
0.0
0.0
0.0
0.0
0.0
0.0
0.0
0.0
0.0
0.0
0.0
0.0
0.0
0.0
0.0
0.0
0.0
0.0
0.0
0.0
0.0
0.0
0.0
0.0
0.0
0.0
0.0
0.0
0.0
0.0
0.0
0.0
0.0
0.0
0.0
0.0
0.0
0.0
0.0
0.0
0.0
0.0
0.0
0.0
0.0
0.0
0.0
0.0
0.0
0.0
0.0
0.0
0.0
0.0
0.0
0.0
0.0
0.1
