i_93_1_20_FR_oth999d
20
oth999d
A
0
1
15
6
V
1
N
2
13
D
0.84255
0.00027
0.0
0.00236
0.00512
0.0
0.1497
V
2
N
3
1
14
D
0.48523
0.00454
0.0
0.0
0.14196
0.29588
0.07239
V
3
N
4
2
15
D
0.00583
0.02306
0.05593
0.0
0.00693
0.90205
0.0062
V
4
N
5
3
16
D
0.68707
0.0
0.0
0.0
0.0
0.0
0.31293
V
5
N
6
4
17
D
0.22156
0.55687
0.02059
0.0
0.0
0.20098
V
6
N
7
5
18
D
0.31989
0.0
0.06331
0.0
0.01847
0.0
0.59833
V
7
N
8
6
19
D
0.01931
0.50511
0.4651
0.00322
0.0
0.00726
V
8
N
9
7
20
D
0.3574
0.0
0.0
0.0
0.0
0.6426
V
9
N
10
8
21
D
0.09532
0.0
0.0
0.0434
0.70608
0.0
0.1552
V
10
N
11
9
22
D
0.73377
0.0
0.0
0.0
0.26623
V
11
N
12
10
23
D
0.1091
0.0
0.0
0.29543
0.55966
0.03581
V
12
N
11
24
D
0.11
0.56542
0.18363
0.0
0.0
0.0
0.14095
V
13
N
14
25
1
D
0.32659
0.0
0.07108
0.12663
0.0
0.26261
0.21309
V
14
N
15
13
26
2
D
0.68145
0.0
0.23894
0.0
0.0
0.0
0.07961
V
15
N
16
14
27
3
D
0.05373
3e-05
0.0
0.48545
0.00022
0.0
0.46057
V
16
N
17
15
28
4
D
2e-05
0.85356
0.14589
0.00015
0.00033
5e-05
V
17
N
18
16
29
5
D
0.05268
0.0179
0.05336
0.87606
V
18
N
19
17
30
6
D
0.00146
0.02096
0.0
0.0
0.0
0.0
0.97758
V
19
N
20
18
31
7
D
0.09676
0.35894
0.07764
0.0
0.0159
0.45076
V
20
N
21
19
32
8
D
0.10071
0.3954
0.50389
V
21
N
22
20
33
9
D
0.25313
0.0
0.16957
0.56429
0.0
0.01301
V
22
N
23
21
34
10
D
0.00921
0.87597
0.0
0.0
0.00457
0.11025
V
23
N
24
22
35
11
D
0.01677
0.05596
0.02616
0.41229
0.07972
0.03868
0.37042
V
24
N
23
36
12
D
0.93846
0.0
0.0
0.0
0.06154
V
25
N
26
37
13
D
0.67423
0.17317
0.0
0.01411
0.13849
V
26
N
27
25
38
14
D
0.40256
0.01529
0.0
0.0
0.16299
0.41916
V
27
N
28
26
39
15
D
0.30261
0.44643
0.18599
0.06497
V
28
N
29
27
40
16
D
0.34123
0.03986
0.0
0.05382
0.14625
0.41884
V
29
N
30
28
41
17
D
0.23496
0.70852
0.0
0.0
0.02572
0.0308
V
30
N
31
29
42
18
D
0.04171
0.0
0.34677
0.15427
0.4048
0.021
0.03145
V
31
N
32
30
43
19
D
0.84293
0.0
0.00372
0.0
0.0
0.0
0.15335
V
32
N
33
31
44
20
D
0.15159
0.0
0.84841
V
33
N
34
32
45
21
D
0.44515
0.0
0.55485
V
34
N
35
33
46
22
D
0.30317
0.0
0.0
0.08261
0.08759
0.0
0.52663
V
35
N
36
34
47
23
D
0.41788
0.0
0.0
0.58212
V
36
N
35
48
24
D
0.13405
0.00817
0.00226
0.01075
0.81255
0.03222
V
37
N
38
49
25
D
0.12833
0.19701
0.35041
0.07456
0.01261
0.0
0.23708
V
38
N
39
37
50
26
D
0.2906
0.0
0.0
0.09892
0.23368
0.3768
V
39
N
40
38
51
27
D
0.01429
0.00548
0.36487
0.00706
0.0
0.6083
V
40
N
41
39
52
28
D
0.05518
0.93928
0.0
0.0
0.00041
0.0
0.00513
V
41
N
42
40
53
29
D
0.61035
0.38965
V
42
N
43
41
54
30
D
0.21817
0.0
0.61075
0.12324
0.04784
V
43
N
44
42
55
31
D
0.24524
0.00402
0.0
0.68229
0.06845
V
44
N
45
43
56
32
D
0.64266
0.0
0.1024
0.1327
0.0
0.12224
V
45
N
46
44
57
33
D
0.88321
0.0
0.11679
V
46
N
47
45
58
34
D
0.00065
0.41533
0.22864
0.35312
0.0
0.0
0.00226
V
47
N
48
46
59
35
D
0.23499
0.70569
0.0
0.02313
0.0
0.02117
0.01502
V
48
N
47
60
36
D
0.27021
0.0
0.01644
0.0
0.71335
V
49
N
50
37
D
0.25976
0.0392
0.07892
0.0
0.17909
0.0594
0.38363
V
50
N
51
49
62
38
D
0.30706
0.65148
0.0
0.00126
0.0402
V
51
N
52
50
63
39
D
0.00106
0.1806
0.0
0.0
0.00488
0.81185
0.00161
V
52
N
53
51
64
40
D
0.16027
0.01005
0.0
0.05033
0.0
0.24136
0.53799
V
53
N
54
52
65
41
D
0.23387
0.0
0.11397
0.5063
0.14586
V
54
N
55
53
66
42
D
0.20585
0.0
0.16942
0.00276
0.12271
0.49926
V
55
N
56
54
67
43
D
0.97682
0.0
0.0002
0.0
0.0213
0.00168
V
56
N
57
55
68
44
D
0.21757
0.11424
0.04653
0.00655
0.0
0.42492
0.19019
V
57
N
58
56
69
45
D
0.12833
0.0
0.0
0.39846
0.11067
0.0
0.36254
V
58
N
59
57
70
46
D
0.31021
0.18289
0.0
0.0
0.03409
0.47281
V
59
N
60
58
71
47
D
0.37911
0.43063
0.0
0.19026
V
60
N
59
72
48
D
0.31024
0.0
0.21355
0.0
0.0
0.0
0.47621
V
62
N
63
74
50
D
0.08666
0.0
0.0
0.0
0.0
0.91334
V
63
N
64
62
75
51
D
0.07117
0.09801
0.0
0.0
0.06615
0.0
0.76467
V
64
N
65
63
76
52
D
0.24029
0.0
0.12415
0.14623
0.33948
0.14985
V
65
N
66
64
77
53
D
0.22905
0.07339
0.06495
0.0
0.0
0.63261
V
66
N
67
65
78
54
D
0.07379
0.27484
0.0
0.58503
0.00659
0.05975
V
67
N
68
66
79
55
D
0.00084
0.99512
0.00011
0.00045
0.0
0.0
0.00348
V
68
N
69
67
80
56
D
0.00261
0.00325
0.1578
0.0
0.0
0.83154
0.0048
V
69
N
70
68
81
57
D
0.61679
0.07439
0.10802
0.0
0.0
0.0
0.2008
V
70
N
71
69
82
58
D
0.07254
0.0
0.0
0.0
0.92746
V
71
N
72
70
83
59
D
0.52929
0.00626
0.0
0.23343
0.00333
0.22769
V
72
N
71
84
60
D
0.01371
0.01005
0.00087
0.02672
0.0
0.94865
V
74
N
75
86
62
D
0.49337
0.0
0.50663
V
75
N
76
74
87
63
D
0.56385
0.0
0.0
0.0
0.07322
0.36293
V
76
N
77
75
88
64
D
0.07267
0.16895
0.0
0.14442
0.60461
0.00935
V
77
N
78
76
89
65
D
0.72382
0.27618
V
78
N
79
77
90
66
D
0.13779
0.0
0.0
0.86221
V
79
N
80
78
91
67
D
0.02174
1e-05
0.00237
0.00093
2e-05
0.00164
0.97329
V
80
N
81
79
92
68
D
0.21121
0.73212
0.0
0.0
0.04577
0.0109
V
81
N
82
80
93
69
D
0.20351
0.03776
0.73835
0.0
0.02038
V
82
N
83
81
94
70
D
0.00857
0.0
0.0
0.65003
0.0
0.3414
V
83
N
84
82
95
71
D
0.33341
0.41717
0.0
0.20722
0.02878
0.0
0.01342
V
84
N
83
96
72
D
0.06312
0.00142
0.0
0.92892
0.00654
V
86
N
87
74
D
0.02093
0.94988
0.0126
0.00212
0.01444
3e-05
V
87
N
88
86
75
D
0.05152
0.03163
0.00065
0.05832
0.06493
0.6186
0.17435
V
88
N
89
87
76
D
0.03223
0.0
0.51294
0.0
0.19315
0.26168
V
89
N
90
88
77
D
0.17734
0.82266
V
90
N
91
89
78
D
0.6614
0.33516
0.0
0.00055
0.0
0.0
0.00289
V
91
N
92
90
79
D
0.25561
0.0
0.13177
0.15073
0.0
0.39964
0.06225
V
92
N
93
91
80
D
0.51924
0.0
0.0
0.01846
0.0
0.0
0.4623
V
93
N
94
92
81
D
0.03951
0.03198
0.15749
0.61703
0.14577
0.0
0.00822
V
94
N
95
93
82
D
0.36253
0.45428
0.0
0.0
0.0
0.11682
0.06637
V
95
N
96
94
83
D
0.84437
0.0
0.0
0.0
0.15563
V
96
N
95
84
D
0.24084
0.05173
0.0025
0.0
0.26942
0.25543
0.18008
